*O (Z = 8) Atomic weight: /A_r / = 15.99940 g mol^-1 *   Nominal
density:   /ρ/ (g cm^-3 ) = 1.3310E-03
    /σ//_a /(barns/atom) = [/μ///ρ/](cm^2 g^-1 )  ×  2.65676E+01 
    /E/(eV) [/μ///ρ/](cm^2 g^-1 ) = /f/_2 (/e/ atom^-1 )  ×  2.63012E+06 
    4 edges. Edge energies (keV):

     
      K      5.32000E-01  L I    2.37000E-02  L II   7.10000E-03  L III  7.10000E-03 

    Relativistic correction estimate /f/_rel (H82,3/5CL) = -7.7133E-03,
    -4.2000E-03 /e/ atom^-1 
    Nuclear Thomson correction /f/_NT = -2.1944E-03 /e/ atom^-1 

------------------------------------------------------------------------
*Form Factors, Attenuation and Scattering Cross-sections*
*Z=8, /E/ = 0.5 - 50 keV*

      /E/            /f/_1           /f/_2         [mu/rho]      [sigma/rho]      [mu/rho]      [mu/rho]_/K/       lambda
                                      Photoelectric Coh+inc      Total
     keV        /e/ atom^-1       /e/ atom^-1    cm^2  /g/^-1        cm^2  /g/^-1       cm^2  /g/^-1    cm^2  /g/^-1      nm
5.124891E-01  3.97074E+00  2.3191E-01  1.1902E+03  1.5692E+00  1.1918E+03  0.000E+00  2.419E+00
5.213600E-01  3.28506E+00  2.2593E-01  1.1397E+03  1.5768E+00  1.1413E+03  0.000E+00  2.378E+00
5.293400E-01  1.63837E+00  2.2075E-01  1.0969E+03  1.5833E+00  1.0985E+03  0.000E+00  2.342E+00
5.314680E-01 -3.36417E-01  2.1941E-01  1.0858E+03  1.5849E+00  1.0874E+03  0.000E+00  2.333E+00
5.346600E-01  1.71635E+00  4.1067E+00  2.0202E+04  1.5874E+00  2.0204E+04  1.913E+04  2.319E+00
5.426400E-01  3.51780E+00  4.0360E+00  1.9562E+04  1.5934E+00  1.9564E+04  1.853E+04  2.285E+00
5.478508E-01  4.05204E+00  3.9911E+00  1.9160E+04  1.5971E+00  1.9162E+04  1.815E+04  2.263E+00
5.856525E-01  5.74654E+00  3.6911E+00  1.6577E+04  1.6206E+00  1.6579E+04  1.573E+04  2.117E+00
6.260625E-01  6.55266E+00  3.3971E+00  1.4271E+04  1.6397E+00  1.4273E+04  1.355E+04  1.980E+00
6.692609E-01  7.07480E+00  3.1024E+00  1.2192E+04  1.6542E+00  1.2194E+04  1.159E+04  1.853E+00
7.154399E-01  7.44087E+00  2.8186E+00  1.0362E+04  1.6640E+00  1.0364E+04  9.852E+03  1.733E+00
7.648052E-01  7.70602E+00  2.5523E+00  8.7773E+03  1.6691E+00  8.7790E+03  8.348E+03  1.621E+00
8.175768E-01  7.90150E+00  2.3068E+00  7.4209E+03  1.6695E+00  7.4226E+03  7.059E+03  1.516E+00
8.739896E-01  8.04830E+00  2.0831E+00  6.2688E+03  1.6654E+00  6.2705E+03  5.964E+03  1.419E+00
9.342948E-01  8.16115E+00  1.8753E+00  5.2791E+03  1.6567E+00  5.2808E+03  5.022E+03  1.327E+00
9.987612E-01  8.24254E+00  1.6834E+00  4.4331E+03  1.6436E+00  4.4347E+03  4.216E+03  1.241E+00
1.067676E+00  8.30267E+00  1.5016E+00  3.6990E+03  1.6264E+00  3.7006E+03  3.520E+03  1.161E+00
1.141345E+00  8.33861E+00  1.3385E+00  3.0845E+03  1.6051E+00  3.0861E+03  2.936E+03  1.086E+00
1.220098E+00  8.35935E+00  1.1926E+00  2.5708E+03  1.5801E+00  2.5724E+03  2.447E+03  1.016E+00
1.304285E+00  8.36902E+00  1.0621E+00  2.1417E+03  1.5516E+00  2.1433E+03  2.039E+03  9.506E-01
1.394281E+00  8.37050E+00  9.4552E-01  1.7836E+03  1.5199E+00  1.7851E+03  1.699E+03  8.892E-01
1.490486E+00  8.36596E+00  8.4147E-01  1.4849E+03  1.4852E+00  1.4864E+03  1.414E+03  8.318E-01
1.593329E+00  8.35705E+00  7.4865E-01  1.2358E+03  1.4479E+00  1.2372E+03  1.177E+03  7.781E-01
1.703269E+00  8.34592E+00  6.6590E-01  1.0283E+03  1.4083E+00  1.0297E+03  9.796E+02  7.279E-01
1.820795E+00  8.33198E+00  5.9217E-01  8.5538E+02  1.3667E+00  8.5675E+02  8.150E+02  6.809E-01
1.946430E+00  8.31689E+00  5.2651E-01  7.1145E+02  1.3235E+00  7.1277E+02  6.779E+02  6.370E-01
2.080733E+00  8.30145E+00  4.6808E-01  5.9167E+02  1.2790E+00  5.9295E+02  5.637E+02  5.959E-01
2.224304E+00  8.28581E+00  4.1395E-01  4.8948E+02  1.2334E+00  4.9071E+02  4.662E+02  5.574E-01
2.377781E+00  8.26885E+00  3.6513E-01  4.0388E+02  1.1872E+00  4.0507E+02  3.845E+02  5.214E-01
2.541848E+00  8.25152E+00  3.2207E-01  3.3325E+02  1.1406E+00  3.3439E+02  3.172E+02  4.878E-01
2.717235E+00  8.23442E+00  2.8409E-01  2.7498E+02  1.0938E+00  2.7607E+02  2.616E+02  4.563E-01
2.904724E+00  8.21791E+00  2.5059E-01  2.2690E+02  1.0472E+00  2.2795E+02  2.157E+02  4.268E-01
3.105150E+00  8.20256E+00  2.1994E-01  1.8630E+02  1.0011E+00  1.8730E+02  1.771E+02  3.993E-01
3.319406E+00  8.18728E+00  1.9213E-01  1.5224E+02  9.5552E-01  1.5320E+02  1.447E+02  3.735E-01
3.548445E+00  8.17222E+00  1.6784E-01  1.2440E+02  9.1083E-01  1.2531E+02  1.182E+02  3.494E-01
3.793288E+00  8.15779E+00  1.4662E-01  1.0166E+02  8.6716E-01  1.0253E+02  9.662E+01  3.269E-01
4.055024E+00  8.14414E+00  1.2808E-01  8.3077E+01  8.2468E-01  8.3902E+01  7.896E+01  3.058E-01
4.334821E+00  8.13136E+00  1.1189E-01  6.7890E+01  7.8354E-01  6.8674E+01  6.452E+01  2.860E-01
4.633924E+00  8.11947E+00  9.7749E-02  5.5480E+01  7.4386E-01  5.6224E+01  5.272E+01  2.676E-01
4.953664E+00  8.10847E+00  8.5394E-02  4.5339E+01  7.0572E-01  4.6045E+01  4.308E+01  2.503E-01
5.295467E+00  8.09834E+00  7.4601E-02  3.7052E+01  6.6922E-01  3.7721E+01  3.520E+01  2.341E-01
5.660855E+00  8.08903E+00  6.5172E-02  3.0280E+01  6.3440E-01  3.0914E+01  2.877E+01  2.190E-01
6.051453E+00  8.08051E+00  5.6936E-02  2.4746E+01  6.0130E-01  2.5347E+01  2.351E+01  2.049E-01
6.469004E+00  8.07273E+00  4.9740E-02  2.0223E+01  5.6995E-01  2.0793E+01  1.921E+01  1.917E-01
6.915365E+00  8.06564E+00  4.3455E-02  1.6527E+01  5.4035E-01  1.7067E+01  1.570E+01  1.793E-01
7.392525E+00  8.05920E+00  3.7964E-02  1.3507E+01  5.1248E-01  1.4019E+01  1.283E+01  1.677E-01
7.902609E+00  8.05336E+00  3.3166E-02  1.1038E+01  4.8633E-01  1.1524E+01  1.048E+01  1.569E-01
8.447890E+00  8.04808E+00  2.8976E-02  9.0211E+00  4.6186E-01  9.4830E+00  8.564E+00  1.468E-01
9.030794E+00  8.04333E+00  2.5277E-02  7.3617E+00  4.3901E-01  7.8007E+00  6.988E+00  1.373E-01
9.653919E+00  8.03905E+00  2.1935E-02  5.9760E+00  4.1774E-01  6.3937E+00  5.672E+00  1.284E-01
1.032004E+01  8.03513E+00  1.8995E-02  4.8409E+00  3.9798E-01  5.2389E+00  4.594E+00  1.201E-01
1.103212E+01  8.03154E+00  1.6411E-02  3.9125E+00  3.7966E-01  4.2922E+00  3.712E+00  1.124E-01
1.179334E+01  8.02827E+00  1.4177E-02  3.1618E+00  3.6271E-01  3.5245E+00  2.999E+00  1.051E-01
1.260708E+01  8.02530E+00  1.2248E-02  2.5551E+00  3.4705E-01  2.9021E+00  2.424E+00  9.834E-02
1.347697E+01  8.02262E+00  1.0581E-02  2.0649E+00  3.3260E-01  2.3975E+00  1.958E+00  9.200E-02
1.440688E+01  8.02021E+00  9.1406E-03  1.6687E+00  3.1928E-01  1.9880E+00  1.582E+00  8.606E-02
1.540095E+01  8.01804E+00  7.8965E-03  1.3485E+00  3.0702E-01  1.6555E+00  1.279E+00  8.050E-02
1.646362E+01  8.01609E+00  6.8218E-03  1.0898E+00  2.9572E-01  1.3855E+00  1.033E+00  7.531E-02
1.759961E+01  8.01434E+00  5.8934E-03  8.8072E-01  2.8532E-01  1.1660E+00  8.348E-01  7.045E-02
1.881398E+01  8.01277E+00  5.0913E-03  7.1175E-01  2.7573E-01  9.8748E-01  6.746E-01  6.590E-02
2.011215E+01  8.01137E+00  4.3984E-03  5.7519E-01  2.6688E-01  8.4207E-01  5.451E-01  6.165E-02
2.149988E+01  8.01012E+00  3.7998E-03  4.6484E-01  2.5871E-01  7.2355E-01  4.404E-01  5.767E-02
2.298338E+01  8.00900E+00  3.2827E-03  3.7566E-01  2.5114E-01  6.2680E-01  3.559E-01  5.395E-02
2.456923E+01  8.00801E+00  2.8360E-03  3.0359E-01  2.4411E-01  5.4770E-01  2.876E-01  5.046E-02
2.626450E+01  8.00713E+00  2.4500E-03  2.4535E-01  2.3756E-01  4.8291E-01  2.324E-01  4.721E-02
2.807676E+01  8.00633E+00  2.1079E-03  1.9746E-01  2.3144E-01  4.2890E-01  1.870E-01  4.416E-02
3.001405E+01  8.00562E+00  1.8110E-03  1.5870E-01  2.2570E-01  3.8440E-01  1.502E-01  4.131E-02
3.208502E+01  8.00498E+00  1.5560E-03  1.2755E-01  2.2028E-01  3.4783E-01  1.207E-01  3.864E-02
3.429889E+01  8.00442E+00  1.3368E-03  1.0251E-01  2.1516E-01  3.1767E-01  9.701E-02  3.615E-02
3.666551E+01  8.00392E+00  1.1486E-03  8.2390E-02  2.1028E-01  2.9267E-01  7.795E-02  3.381E-02
3.919543E+01  8.00347E+00  9.8682E-04  6.6219E-02  2.0563E-01  2.7185E-01  6.264E-02  3.163E-02
4.189992E+01  8.00307E+00  8.4786E-04  5.3221E-02  2.0115E-01  2.5437E-01  5.033E-02  2.959E-02
4.479101E+01  8.00272E+00  7.2846E-04  4.2775E-02  1.9684E-01  2.3962E-01  4.044E-02  2.768E-02
4.788159E+01  8.00240E+00  6.2588E-04  3.4379E-02  1.9266E-01  2.2704E-01  3.250E-02  2.589E-02

