*V (Z = 23) Atomic weight: /A_r / = 50.94150 g mol^-1 *   Nominal
density:   /ρ/ (g cm^-3 ) = 6.1000
    /σ//_a /(barns/atom) = [/μ///ρ/](cm^2 g^-1 )  ×  8.45904E+01 
    /E/(eV) [/μ///ρ/](cm^2 g^-1 ) = /f/_2 (/e/ atom^-1 )  ×  8.26052E+05 
    8 edges. Edge energies (keV):

     
      K      5.46510E+00  L I    6.28200E-01  L II   5.20500E-01  L III  5.12900E-01 
      M I    6.65000E-02  M II   3.78000E-02  M III  3.78000E-02  M IV   2.20000E-03 

    Relativistic correction estimate /f/_rel (H82,3/5CL) = -8.1133E-02,
    -5.0400E-02 /e/ atom^-1 
    Nuclear Thomson correction /f/_NT = -5.6967E-03 /e/ atom^-1 

------------------------------------------------------------------------
*Form Factors, Attenuation and Scattering Cross-sections*
*Z=23, /E/ = 0.5 - 50 keV*

      /E/            /f/_1           /f/_2         [mu/rho]      [sigma/rho]      [mu/rho]      [mu/rho]_/K/       lambda
                                      Photoelectric Coh+inc      Total
     keV        /e/ atom^-1       /e/ atom^-1    cm^2  /g/^-1        cm^2  /g/^-1       cm^2  /g/^-1    cm^2  /g/^-1      nm
5.026420E-01  3.15839E+00  1.6601E+00  2.7282E+03  2.4739E+00  2.7307E+03  0.000E+00  2.467E+00
5.100900E-01 -1.39635E+00  1.6351E+00  2.6480E+03  2.5000E+00  2.6505E+03  0.000E+00  2.431E+00
5.103355E-01 -1.70484E+00  1.6343E+00  2.6454E+03  2.5008E+00  2.6479E+03  0.000E+00  2.429E+00
5.124891E-01 -7.62793E+00  1.6273E+00  2.6229E+03  2.5083E+00  2.6254E+03  0.000E+00  2.419E+00
5.154645E-01 -2.50381E+00  1.1276E+01  1.8070E+04  2.5185E+00  1.8073E+04  0.000E+00  2.405E+00
5.178975E-01 -1.34166E+00  1.1206E+01  1.7874E+04  2.5268E+00  1.7877E+04  0.000E+00  2.394E+00
5.199795E-01 -2.63868E+00  1.1147E+01  1.7708E+04  2.5338E+00  1.7711E+04  0.000E+00  2.384E+00
5.231025E-01  1.09287E+00  1.5841E+01  2.5016E+04  2.5443E+00  2.5019E+04  0.000E+00  2.370E+00
5.231580E-01  1.14400E+00  1.5839E+01  2.5010E+04  2.5445E+00  2.5013E+04  0.000E+00  2.370E+00
5.309100E-01  5.20730E+00  1.5532E+01  2.4167E+04  2.5702E+00  2.4170E+04  0.000E+00  2.335E+00
5.478508E-01  9.04877E+00  1.4897E+01  2.2462E+04  2.6243E+00  2.2465E+04  0.000E+00  2.263E+00
5.856525E-01  1.28372E+01  1.3629E+01  1.9223E+04  2.7362E+00  1.9226E+04  0.000E+00  2.117E+00
6.156360E-01  1.40588E+01  1.2738E+01  1.7091E+04  2.8167E+00  1.7094E+04  0.000E+00  2.014E+00
6.250590E-01  1.37816E+01  1.2476E+01  1.6487E+04  2.8406E+00  1.6490E+04  0.000E+00  1.984E+00
6.260625E-01  1.36222E+01  1.2448E+01  1.6424E+04  2.8431E+00  1.6427E+04  0.000E+00  1.980E+00
6.275718E-01  1.30350E+01  1.2407E+01  1.6331E+04  2.8469E+00  1.6334E+04  0.000E+00  1.976E+00
6.313410E-01  1.40717E+01  1.3990E+01  1.8304E+04  2.8562E+00  1.8307E+04  0.000E+00  1.964E+00
6.407640E-01  1.52143E+01  1.3733E+01  1.7704E+04  2.8790E+00  1.7707E+04  0.000E+00  1.935E+00
6.692609E-01  1.68550E+01  1.3000E+01  1.6045E+04  2.9441E+00  1.6048E+04  0.000E+00  1.853E+00
7.154399E-01  1.84554E+01  1.1939E+01  1.3784E+04  3.0384E+00  1.3787E+04  0.000E+00  1.733E+00
7.648052E-01  1.95960E+01  1.0937E+01  1.1812E+04  3.1253E+00  1.1815E+04  0.000E+00  1.621E+00
8.175768E-01  2.04566E+01  1.0006E+01  1.0110E+04  3.2040E+00  1.0113E+04  0.000E+00  1.516E+00
8.739896E-01  2.11301E+01  9.1452E+00  8.6436E+03  3.2740E+00  8.6469E+03  0.000E+00  1.419E+00
9.342948E-01  2.16581E+01  8.3284E+00  7.3635E+03  3.3348E+00  7.3668E+03  0.000E+00  1.327E+00
9.987612E-01  2.20899E+01  7.5803E+00  6.2695E+03  3.3858E+00  6.2729E+03  0.000E+00  1.241E+00
1.067676E+00  2.24125E+01  6.8343E+00  5.2877E+03  3.4268E+00  5.2911E+03  0.000E+00  1.161E+00
1.141345E+00  2.26235E+01  6.1482E+00  4.4498E+03  3.4574E+00  4.4533E+03  0.000E+00  1.086E+00
1.220098E+00  2.27603E+01  5.5300E+00  3.7440E+03  3.4776E+00  3.7475E+03  0.000E+00  1.016E+00
1.304285E+00  2.28438E+01  4.9725E+00  3.1493E+03  3.4872E+00  3.1528E+03  0.000E+00  9.506E-01
1.394281E+00  2.28869E+01  4.4710E+00  2.6489E+03  3.4863E+00  2.6524E+03  0.000E+00  8.892E-01
1.490486E+00  2.28996E+01  4.0207E+00  2.2283E+03  3.4750E+00  2.2318E+03  0.000E+00  8.318E-01
1.593329E+00  2.28934E+01  3.6167E+00  1.8751E+03  3.4537E+00  1.8786E+03  0.000E+00  7.781E-01
1.703269E+00  2.28669E+01  3.2545E+00  1.5784E+03  3.4225E+00  1.5818E+03  0.000E+00  7.279E-01
1.820795E+00  2.28285E+01  2.9300E+00  1.3293E+03  3.3819E+00  1.3327E+03  0.000E+00  6.809E-01
1.946430E+00  2.27819E+01  2.6393E+00  1.1201E+03  3.3324E+00  1.1234E+03  0.000E+00  6.370E-01
2.080733E+00  2.27317E+01  2.3764E+00  9.4343E+02  3.2745E+00  9.4670E+02  0.000E+00  5.959E-01
2.224304E+00  2.26720E+01  2.1275E+00  7.9009E+02  3.2088E+00  7.9330E+02  0.000E+00  5.574E-01
2.377781E+00  2.26035E+01  1.9068E+00  6.6245E+02  3.1360E+00  6.6559E+02  0.000E+00  5.214E-01
2.541848E+00  2.25308E+01  1.7099E+00  5.5567E+02  3.0567E+00  5.5873E+02  0.000E+00  4.878E-01
2.717235E+00  2.24528E+01  1.5291E+00  4.6485E+02  2.9716E+00  4.6782E+02  0.000E+00  4.563E-01
2.904724E+00  2.23715E+01  1.3687E+00  3.8923E+02  2.8815E+00  3.9211E+02  0.000E+00  4.268E-01
3.105150E+00  2.22923E+01  1.2150E+00  3.2323E+02  2.7871E+00  3.2602E+02  0.000E+00  3.993E-01
3.319406E+00  2.21901E+01  1.0704E+00  2.6638E+02  2.6892E+00  2.6907E+02  0.000E+00  3.735E-01
3.548445E+00  2.20721E+01  9.4397E-01  2.1975E+02  2.5884E+00  2.2234E+02  0.000E+00  3.494E-01
3.793288E+00  2.19364E+01  8.3331E-01  1.8147E+02  2.4856E+00  1.8396E+02  0.000E+00  3.269E-01
4.055024E+00  2.17762E+01  7.3636E-01  1.5001E+02  2.3813E+00  1.5239E+02  0.000E+00  3.058E-01
4.334821E+00  2.15764E+01  6.5136E-01  1.2412E+02  2.2763E+00  1.2640E+02  0.000E+00  2.860E-01
4.633924E+00  2.13044E+01  5.7675E-01  1.0281E+02  2.1711E+00  1.0498E+02  0.000E+00  2.676E-01
4.953664E+00  2.08694E+01  5.1121E-01  8.5246E+01  2.0664E+00  8.7312E+01  0.000E+00  2.503E-01
5.295467E+00  1.98136E+01  4.5356E-01  7.0752E+01  1.9627E+00  7.2715E+01  0.000E+00  2.341E-01
5.355798E+00  1.93670E+01  4.4449E-01  6.8556E+01  1.9452E+00  7.0501E+01  0.000E+00  2.315E-01
5.437774E+00  1.78916E+01  4.3262E-01  6.5720E+01  1.9218E+00  6.7642E+01  0.000E+00  2.280E-01
5.459635E+00  1.61109E+01  4.2954E-01  6.4991E+01  1.9157E+00  6.6907E+01  0.000E+00  2.271E-01
5.492425E+00  1.79281E+01  3.9371E+00  5.9213E+02  1.9065E+00  5.9404E+02  5.282E+02  2.257E-01
5.574402E+00  1.95732E+01  3.8274E+00  5.6717E+02  1.8839E+00  5.6905E+02  5.058E+02  2.224E-01
5.660855E+00  2.02817E+01  3.7167E+00  5.4235E+02  1.8604E+00  5.4421E+02  4.836E+02  2.190E-01
6.051453E+00  2.15912E+01  3.3154E+00  4.5257E+02  1.7602E+00  4.5433E+02  4.037E+02  2.049E-01
6.469004E+00  2.21944E+01  2.9844E+00  3.8109E+02  1.6622E+00  3.8275E+02  3.404E+02  1.917E-01
6.915365E+00  2.25734E+01  2.6931E+00  3.2170E+02  1.5670E+00  3.2327E+02  2.878E+02  1.793E-01
7.392525E+00  2.28396E+01  2.4213E+00  2.7056E+02  1.4747E+00  2.7203E+02  2.423E+02  1.677E-01
7.902609E+00  2.30228E+01  2.1691E+00  2.2673E+02  1.3857E+00  2.2812E+02  2.031E+02  1.569E-01
8.447890E+00  2.31513E+01  1.9414E+00  1.8984E+02  1.3001E+00  1.9114E+02  1.701E+02  1.468E-01
9.030794E+00  2.32454E+01  1.7355E+00  1.5875E+02  1.2181E+00  1.5997E+02  1.423E+02  1.373E-01
9.653919E+00  2.33090E+01  1.5457E+00  1.3226E+02  1.1399E+00  1.3340E+02  1.187E+02  1.284E-01
1.032004E+01  2.33493E+01  1.3765E+00  1.1018E+02  1.0654E+00  1.1125E+02  9.903E+01  1.201E-01
1.103212E+01  2.34148E+01  1.2246E+00  9.1698E+01  9.9485E-01  9.2693E+01  8.251E+01  1.124E-01
1.179334E+01  2.34254E+01  1.0823E+00  7.5812E+01  9.2813E-01  7.6740E+01  6.824E+01  1.051E-01
1.260708E+01  2.34240E+01  9.5604E-01  6.2642E+01  8.6524E-01  6.3507E+01  5.643E+01  9.834E-02
1.347697E+01  2.34149E+01  8.4453E-01  5.1764E+01  8.0615E-01  5.2570E+01  4.667E+01  9.200E-02
1.440688E+01  2.34008E+01  7.4607E-01  4.2778E+01  7.5077E-01  4.3529E+01  3.860E+01  8.606E-02
1.540095E+01  2.33833E+01  6.5914E-01  3.5354E+01  6.9901E-01  3.6053E+01  3.192E+01  8.050E-02
1.646362E+01  2.33639E+01  5.8237E-01  2.9220E+01  6.5077E-01  2.9871E+01  2.640E+01  7.531E-02
1.759961E+01  2.33434E+01  5.1457E-01  2.4152E+01  6.0591E-01  2.4758E+01  2.183E+01  7.045E-02
1.881398E+01  2.33225E+01  4.5469E-01  1.9964E+01  5.6430E-01  2.0528E+01  1.805E+01  6.590E-02
2.011215E+01  2.33018E+01  4.0180E-01  1.6503E+01  5.2579E-01  1.7029E+01  1.493E+01  6.165E-02
2.149988E+01  2.32816E+01  3.5508E-01  1.3643E+01  4.9023E-01  1.4133E+01  1.235E+01  5.767E-02
2.298338E+01  2.32624E+01  3.1380E-01  1.1279E+01  4.5746E-01  1.1736E+01  1.021E+01  5.395E-02
2.456923E+01  2.32443E+01  2.7646E-01  9.2949E+00  4.2733E-01  9.7222E+00  8.415E+00  5.046E-02
2.626450E+01  2.32271E+01  2.4293E-01  7.6406E+00  3.9966E-01  8.0403E+00  6.915E+00  4.721E-02
2.807676E+01  2.32099E+01  2.1236E-01  6.2480E+00  3.7430E-01  6.6223E+00  5.655E+00  4.416E-02
3.001405E+01  2.31928E+01  1.8533E-01  5.1006E+00  3.5110E-01  5.4517E+00  4.617E+00  4.131E-02
3.208502E+01  2.31764E+01  1.6172E-01  4.1637E+00  3.2989E-01  4.4936E+00  3.770E+00  3.864E-02
3.429889E+01  2.31610E+01  1.4113E-01  3.3990E+00  3.1053E-01  3.7095E+00  3.078E+00  3.615E-02
3.666551E+01  2.31466E+01  1.2316E-01  2.7748E+00  2.9287E-01  3.0677E+00  2.513E+00  3.381E-02
3.919543E+01  2.31332E+01  1.0749E-01  2.2653E+00  2.7678E-01  2.5421E+00  2.052E+00  3.163E-02
4.189992E+01  2.31208E+01  9.3808E-02  1.8494E+00  2.6212E-01  2.1115E+00  1.675E+00  2.959E-02
4.479101E+01  2.31094E+01  8.1873E-02  1.5099E+00  2.4876E-01  1.7587E+00  1.368E+00  2.768E-02
4.788159E+01  2.30989E+01  7.1458E-02  1.2328E+00  2.3660E-01  1.4694E+00  1.117E+00  2.589E-02

