*Al (Z = 13) Atomic weight: /A_r / = 26.98150 g mol^-1 *   Nominal
density:   /ρ/ (g cm^-3 ) = 2.6941
    /σ//_a /(barns/atom) = [/μ///ρ/](cm^2 g^-1 )  ×  4.48039E+01 
    /E/(eV) [/μ///ρ/](cm^2 g^-1 ) = /f/_2 (/e/ atom^-1 )  ×  1.55960E+06 
    5 edges. Edge energies (keV):

     
      K      1.55960E+00  L I    1.17700E-01  L II   7.31000E-02  L III  7.31000E-02 
      M I    8.37567E-03 

    Relativistic correction estimate /f/_rel (H82,3/5CL) = -2.2218E-02,
    -1.2600E-02 /e/ atom^-1 
    Nuclear Thomson correction /f/_NT = -3.4361E-03 /e/ atom^-1 

------------------------------------------------------------------------
*Form Factors, Attenuation and Scattering Cross-sections*
*Z=13, /E/ = 0.5 - 50 keV*

      /E/            /f/_1           /f/_2         [mu/rho]      [sigma/rho]      [mu/rho]      [mu/rho]_/K/       lambda
                                      Photoelectric Coh+inc      Total
     keV        /e/ atom^-1       /e/ atom^-1    cm^2  /g/^-1        cm^2  /g/^-1       cm^2  /g/^-1    cm^2  /g/^-1      nm
5.124891E-01  1.21381E+01  1.9809E+00  6.0282E+03  1.5901E+00  6.0298E+03  0.000E+00  2.419E+00
5.478508E-01  1.21089E+01  1.7921E+00  5.1016E+03  1.6567E+00  5.1033E+03  0.000E+00  2.263E+00
5.856525E-01  1.20725E+01  1.6196E+00  4.3131E+03  1.7202E+00  4.3148E+03  0.000E+00  2.117E+00
6.260625E-01  1.20297E+01  1.4625E+00  3.6434E+03  1.7801E+00  3.6452E+03  0.000E+00  1.980E+00
6.692609E-01  1.19809E+01  1.3197E+00  3.0753E+03  1.8359E+00  3.0771E+03  0.000E+00  1.853E+00
7.154399E-01  1.19265E+01  1.1901E+00  2.5943E+03  1.8872E+00  2.5962E+03  0.000E+00  1.733E+00
7.648052E-01  1.18662E+01  1.0727E+00  2.1875E+03  1.9336E+00  2.1894E+03  0.000E+00  1.621E+00
8.175768E-01  1.17996E+01  9.6659E-01  1.8439E+03  1.9747E+00  1.8459E+03  0.000E+00  1.516E+00
8.739896E-01  1.17255E+01  8.7081E-01  1.5539E+03  2.0102E+00  1.5559E+03  0.000E+00  1.419E+00
9.342948E-01  1.16420E+01  7.8450E-01  1.3095E+03  2.0399E+00  1.3115E+03  0.000E+00  1.327E+00
9.987612E-01  1.15461E+01  7.0682E-01  1.1037E+03  2.0635E+00  1.1058E+03  0.000E+00  1.241E+00
1.067676E+00  1.14444E+01  6.2898E-01  9.1878E+02  2.0810E+00  9.2086E+02  0.000E+00  1.161E+00
1.141345E+00  1.13023E+01  5.6009E-01  7.6533E+02  2.0923E+00  7.6742E+02  0.000E+00  1.086E+00
1.220098E+00  1.11171E+01  4.9919E-01  6.3809E+02  2.0973E+00  6.4019E+02  0.000E+00  1.016E+00
1.304285E+00  1.08582E+01  4.4531E-01  5.3248E+02  2.0960E+00  5.3458E+02  0.000E+00  9.506E-01
1.394281E+00  1.04460E+01  3.9707E-01  4.4415E+02  2.0887E+00  4.4624E+02  0.000E+00  8.892E-01
1.490486E+00  9.55217E+00  3.5292E-01  3.6928E+02  2.0754E+00  3.7136E+02  0.000E+00  8.318E-01
1.528408E+00  8.67724E+00  3.3771E-01  3.4460E+02  2.0689E+00  3.4667E+02  0.000E+00  8.112E-01
1.551802E+00  7.08006E+00  3.2887E-01  3.3052E+02  2.0646E+00  3.3258E+02  0.000E+00  7.990E-01
1.558040E+00  5.18127E+00  3.2657E-01  3.2690E+02  2.0634E+00  3.2896E+02  0.000E+00  7.958E-01
1.567398E+00  7.05820E+00  4.0561E+00  4.0359E+03  2.0616E+00  4.0380E+03  3.714E+03  7.910E-01
1.590792E+00  8.76616E+00  4.0340E+00  3.9549E+03  2.0569E+00  3.9570E+03  3.646E+03  7.794E-01
1.593329E+00  8.86568E+00  4.0316E+00  3.9463E+03  2.0564E+00  3.9484E+03  3.639E+03  7.781E-01
1.703269E+00  1.09116E+01  3.8047E+00  3.4838E+03  2.0318E+00  3.4858E+03  3.228E+03  7.279E-01
1.820795E+00  1.18026E+01  3.4335E+00  2.9410E+03  2.0020E+00  2.9430E+03  2.727E+03  6.809E-01
1.946430E+00  1.23246E+01  3.0522E+00  2.4456E+03  1.9673E+00  2.4476E+03  2.267E+03  6.370E-01
2.080733E+00  1.26397E+01  2.7132E+00  2.0336E+03  1.9282E+00  2.0355E+03  1.884E+03  5.959E-01
2.224304E+00  1.28559E+01  2.4305E+00  1.7041E+03  1.8849E+00  1.7060E+03  1.579E+03  5.574E-01
2.377781E+00  1.30119E+01  2.1807E+00  1.4303E+03  1.8378E+00  1.4321E+03  1.326E+03  5.214E-01
2.541848E+00  1.31269E+01  1.9587E+00  1.2018E+03  1.7875E+00  1.2036E+03  1.115E+03  4.878E-01
2.717235E+00  1.32127E+01  1.7592E+00  1.0097E+03  1.7343E+00  1.0114E+03  9.378E+02  4.563E-01
2.904724E+00  1.32769E+01  1.5787E+00  8.4765E+02  1.6787E+00  8.4933E+02  7.878E+02  4.268E-01
3.105150E+00  1.33285E+01  1.4117E+00  7.0906E+02  1.6212E+00  7.1068E+02  6.596E+02  3.993E-01
3.319406E+00  1.34011E+01  1.2507E+00  5.8762E+02  1.5620E+00  5.8918E+02  5.470E+02  3.735E-01
3.548445E+00  1.34116E+01  1.1075E+00  4.8676E+02  1.5018E+00  4.8826E+02  4.534E+02  3.494E-01
3.793288E+00  1.34114E+01  9.8077E-01  4.0324E+02  1.4408E+00  4.0468E+02  3.758E+02  3.269E-01
4.055024E+00  1.34039E+01  8.6856E-01  3.3405E+02  1.3795E+00  3.3543E+02  3.115E+02  3.058E-01
4.334821E+00  1.33916E+01  7.6922E-01  2.7675E+02  1.3182E+00  2.7807E+02  2.582E+02  2.860E-01
4.633924E+00  1.33759E+01  6.8127E-01  2.2929E+02  1.2572E+00  2.3055E+02  2.140E+02  2.676E-01
4.953664E+00  1.33581E+01  6.0341E-01  1.8998E+02  1.1969E+00  1.9118E+02  1.774E+02  2.503E-01
5.295467E+00  1.33392E+01  5.3446E-01  1.5741E+02  1.1376E+00  1.5855E+02  1.470E+02  2.341E-01
5.660855E+00  1.33198E+01  4.7341E-01  1.3043E+02  1.0796E+00  1.3151E+02  1.218E+02  2.190E-01
6.051453E+00  1.33004E+01  4.1935E-01  1.0808E+02  1.0229E+00  1.0910E+02  1.010E+02  2.049E-01
6.469004E+00  1.32816E+01  3.7148E-01  8.9558E+01  9.6791E-01  9.0526E+01  8.370E+01  1.917E-01
6.915365E+00  1.32637E+01  3.2822E-01  7.4022E+01  9.1472E-01  7.4937E+01  6.919E+01  1.793E-01
7.392525E+00  1.32456E+01  2.8857E-01  6.0881E+01  8.6348E-01  6.1744E+01  5.688E+01  1.677E-01
7.902609E+00  1.32277E+01  2.5373E-01  5.0073E+01  8.1431E-01  5.0887E+01  4.677E+01  1.569E-01
8.447890E+00  1.32105E+01  2.2309E-01  4.1186E+01  7.6728E-01  4.1953E+01  3.845E+01  1.468E-01
9.030794E+00  1.31945E+01  1.9580E-01  3.3814E+01  7.2247E-01  3.4536E+01  3.156E+01  1.373E-01
9.653919E+00  1.31795E+01  1.7070E-01  2.7577E+01  6.7991E-01  2.8257E+01  2.574E+01  1.284E-01
1.032004E+01  1.31646E+01  1.4882E-01  2.2491E+01  6.3961E-01  2.3131E+01  2.099E+01  1.201E-01
1.103212E+01  1.31503E+01  1.2975E-01  1.8343E+01  6.0158E-01  1.8945E+01  1.712E+01  1.124E-01
1.179334E+01  1.31369E+01  1.1313E-01  1.4961E+01  5.6579E-01  1.5527E+01  1.397E+01  1.051E-01
1.260708E+01  1.31243E+01  9.8639E-02  1.2202E+01  5.3222E-01  1.2734E+01  1.139E+01  9.834E-02
1.347697E+01  1.31128E+01  8.6005E-02  9.9528E+00  5.0080E-01  1.0454E+01  9.290E+00  9.200E-02
1.440688E+01  1.31021E+01  7.4990E-02  8.1180E+00  4.7149E-01  8.5895E+00  7.577E+00  8.606E-02
1.540095E+01  1.30923E+01  6.5387E-02  6.6216E+00  4.4420E-01  7.0658E+00  6.180E+00  8.050E-02
1.646362E+01  1.30833E+01  5.7015E-02  5.4010E+00  4.1887E-01  5.8199E+00  5.041E+00  7.531E-02
1.759961E+01  1.30752E+01  4.9716E-02  4.4056E+00  3.9539E-01  4.8010E+00  4.111E+00  7.045E-02
1.881398E+01  1.30677E+01  4.3351E-02  3.5936E+00  3.7369E-01  3.9673E+00  3.353E+00  6.590E-02
2.011215E+01  1.30610E+01  3.7802E-02  2.9314E+00  3.5368E-01  3.2851E+00  2.735E+00  6.165E-02
2.149988E+01  1.30548E+01  3.2964E-02  2.3912E+00  3.3524E-01  2.7264E+00  2.231E+00  5.767E-02
2.298338E+01  1.30493E+01  2.8745E-02  1.9506E+00  3.1829E-01  2.2689E+00  1.819E+00  5.395E-02
2.456923E+01  1.30443E+01  2.5066E-02  1.5912E+00  3.0273E-01  1.8939E+00  1.484E+00  5.046E-02
2.626450E+01  1.30397E+01  2.1859E-02  1.2980E+00  2.8846E-01  1.5865E+00  1.210E+00  4.721E-02
2.807676E+01  1.30358E+01  1.8978E-02  1.0542E+00  2.7539E-01  1.3296E+00  9.830E-01  4.416E-02
3.001405E+01  1.30321E+01  1.6453E-02  8.5493E-01  2.6343E-01  1.1184E+00  7.973E-01  4.131E-02
3.208502E+01  1.30288E+01  1.4264E-02  6.9335E-01  2.5248E-01  9.4583E-01  6.466E-01  3.864E-02
3.429889E+01  1.30258E+01  1.2344E-02  5.6128E-01  2.4246E-01  8.0374E-01  5.234E-01  3.615E-02
3.666551E+01  1.30231E+01  1.0660E-02  4.5343E-01  2.3329E-01  6.8672E-01  4.227E-01  3.381E-02
3.919543E+01  1.30206E+01  9.2057E-03  3.6630E-01  2.2489E-01  5.9119E-01  3.414E-01  3.163E-02
4.189992E+01  1.30184E+01  7.9499E-03  2.9591E-01  2.1718E-01  5.1309E-01  2.757E-01  2.959E-02
4.479101E+01  1.30164E+01  6.8656E-03  2.3905E-01  2.1010E-01  4.4915E-01  2.227E-01  2.768E-02
4.788159E+01  1.30146E+01  5.9291E-03  1.9312E-01  2.0359E-01  3.9671E-01  1.798E-01  2.589E-02

