*K (Z = 19) Atomic weight: /A_r / = 39.09830 g mol^-1 *   Nominal
density:   /ρ/ (g cm^-3 ) = 8.6000E-01
    /σ//_a /(barns/atom) = [/μ///ρ/](cm^2 g^-1 )  ×  6.49243E+01 
    /E/(eV) [/μ///ρ/](cm^2 g^-1 ) = /f/_2 (/e/ atom^-1 )  ×  1.07627E+06 
    7 edges. Edge energies (keV):

     
      K      3.60740E+00  L I    3.77100E-01  L II   2.96300E-01  L III  2.93600E-01 
      M I    3.39000E-02  M II   1.78000E-02  M III  1.78000E-02 

    Relativistic correction estimate /f/_rel (H82,3/5CL) = -5.2204E-02,
    -3.1800E-02 /e/ atom^-1 
    Nuclear Thomson correction /f/_NT = -5.0651E-03 /e/ atom^-1 

------------------------------------------------------------------------
*Form Factors, Attenuation and Scattering Cross-sections*
*Z=19, /E/ = 0.5 - 50 keV*

      /E/            /f/_1           /f/_2         [mu/rho]      [sigma/rho]      [mu/rho]      [mu/rho]_/K/       lambda
                                      Photoelectric Coh+inc      Total
     keV        /e/ atom^-1       /e/ atom^-1    cm^2  /g/^-1        cm^2  /g/^-1       cm^2  /g/^-1    cm^2  /g/^-1      nm
5.124891E-01  1.64983E+01  9.4182E+00  1.9779E+04  2.2081E+00  1.9781E+04  0.000E+00  2.419E+00
5.478508E-01  1.70723E+01  8.6374E+00  1.6968E+04  2.3091E+00  1.6970E+04  0.000E+00  2.263E+00
5.856525E-01  1.75257E+01  7.9026E+00  1.4523E+04  2.4062E+00  1.4525E+04  0.000E+00  2.117E+00
6.260625E-01  1.78814E+01  7.2147E+00  1.2403E+04  2.4988E+00  1.2406E+04  0.000E+00  1.980E+00
6.692609E-01  1.81571E+01  6.5728E+00  1.0570E+04  2.5861E+00  1.0573E+04  0.000E+00  1.853E+00
7.154399E-01  1.83667E+01  5.9766E+00  8.9909E+03  2.6673E+00  8.9936E+03  0.000E+00  1.733E+00
7.648052E-01  1.85218E+01  5.4252E+00  7.6347E+03  2.7419E+00  7.6374E+03  0.000E+00  1.621E+00
8.175768E-01  1.86322E+01  4.9170E+00  6.4728E+03  2.8092E+00  6.4756E+03  0.000E+00  1.516E+00
8.739896E-01  1.87063E+01  4.4499E+00  5.4798E+03  2.8688E+00  5.4827E+03  0.000E+00  1.419E+00
9.342948E-01  1.87539E+01  4.0218E+00  4.6329E+03  2.9201E+00  4.6358E+03  0.000E+00  1.327E+00
9.987612E-01  1.87769E+01  3.6304E+00  3.9121E+03  2.9628E+00  3.9151E+03  0.000E+00  1.241E+00
1.067676E+00  1.87770E+01  3.2670E+00  3.2933E+03  2.9966E+00  3.2963E+03  0.000E+00  1.161E+00
1.141345E+00  1.87592E+01  2.9368E+00  2.7694E+03  3.0213E+00  2.7724E+03  0.000E+00  1.086E+00
1.220098E+00  1.87275E+01  2.6275E+00  2.3178E+03  3.0368E+00  2.3208E+03  0.000E+00  1.016E+00
1.304285E+00  1.86758E+01  2.3429E+00  1.9333E+03  3.0431E+00  1.9363E+03  0.000E+00  9.506E-01
1.394281E+00  1.86114E+01  2.0908E+00  1.6139E+03  3.0402E+00  1.6169E+03  0.000E+00  8.892E-01
1.490486E+00  1.85398E+01  1.8674E+00  1.3485E+03  3.0282E+00  1.3515E+03  0.000E+00  8.318E-01
1.593329E+00  1.84623E+01  1.6641E+00  1.1241E+03  3.0075E+00  1.1271E+03  0.000E+00  7.781E-01
1.703269E+00  1.83778E+01  1.4833E+00  9.3726E+02  2.9783E+00  9.4024E+02  0.000E+00  7.279E-01
1.820795E+00  1.82883E+01  1.3233E+00  7.8221E+02  2.9409E+00  7.8515E+02  0.000E+00  6.809E-01
1.946430E+00  1.81940E+01  1.1817E+00  6.5343E+02  2.8958E+00  6.5633E+02  0.000E+00  6.370E-01
2.080733E+00  1.80940E+01  1.0563E+00  5.4636E+02  2.8436E+00  5.4920E+02  0.000E+00  5.959E-01
2.224304E+00  1.79866E+01  9.4505E-01  4.5728E+02  2.7847E+00  4.6006E+02  0.000E+00  5.574E-01
2.377781E+00  1.78682E+01  8.4636E-01  3.8309E+02  2.7198E+00  3.8581E+02  0.000E+00  5.214E-01
2.541848E+00  1.77332E+01  7.5870E-01  3.2125E+02  2.6493E+00  3.2390E+02  0.000E+00  4.878E-01
2.717235E+00  1.75716E+01  6.8077E-01  2.6965E+02  2.5741E+00  2.7222E+02  0.000E+00  4.563E-01
2.904724E+00  1.73645E+01  6.1143E-01  2.2655E+02  2.4946E+00  2.2904E+02  0.000E+00  4.268E-01
3.105150E+00  1.70762E+01  5.4407E-01  1.8858E+02  2.4116E+00  1.9099E+02  0.000E+00  3.993E-01
3.319406E+00  1.65660E+01  4.7995E-01  1.5562E+02  2.3258E+00  1.5795E+02  0.000E+00  3.735E-01
3.535252E+00  1.51657E+01  4.2673E-01  1.2991E+02  2.2426E+00  1.3215E+02  0.000E+00  3.507E-01
3.548445E+00  1.49494E+01  4.2379E-01  1.2854E+02  2.2376E+00  1.3078E+02  0.000E+00  3.494E-01
3.589363E+00  1.36420E+01  4.1486E-01  1.2440E+02  2.2223E+00  1.2662E+02  0.000E+00  3.454E-01
3.603793E+00  1.18067E+01  4.1178E-01  1.2298E+02  2.2169E+00  1.2520E+02  0.000E+00  3.440E-01
3.625437E+00  1.36705E+01  4.0255E+00  1.1950E+03  2.2089E+00  1.1972E+03  1.074E+03  3.420E-01
3.679548E+00  1.53599E+01  3.9276E+00  1.1488E+03  2.1890E+00  1.1510E+03  1.033E+03  3.370E-01
3.793288E+00  1.65531E+01  3.7342E+00  1.0595E+03  2.1479E+00  1.0616E+03  9.532E+02  3.269E-01
4.055024E+00  1.76584E+01  3.3541E+00  8.9025E+02  2.0571E+00  8.9231E+02  8.023E+02  3.058E-01
4.334821E+00  1.82298E+01  3.0167E+00  7.4900E+02  1.9659E+00  7.5097E+02  6.762E+02  2.860E-01
4.633924E+00  1.85966E+01  2.7144E+00  6.3045E+02  1.8747E+00  6.3232E+02  5.701E+02  2.676E-01
4.953664E+00  1.88512E+01  2.4328E+00  5.2856E+02  1.7841E+00  5.3034E+02  4.785E+02  2.503E-01
5.295467E+00  1.90266E+01  2.1770E+00  4.4246E+02  1.6946E+00  4.4415E+02  4.009E+02  2.341E-01
5.660855E+00  1.91497E+01  1.9467E+00  3.7012E+02  1.6065E+00  3.7173E+02  3.356E+02  2.190E-01
6.051453E+00  1.92357E+01  1.7396E+00  3.0940E+02  1.5202E+00  3.1092E+02  2.808E+02  2.049E-01
6.469004E+00  1.92949E+01  1.5542E+00  2.5857E+02  1.4361E+00  2.6001E+02  2.348E+02  1.917E-01
6.915365E+00  1.93348E+01  1.3883E+00  2.1607E+02  1.3545E+00  2.1742E+02  1.963E+02  1.793E-01
7.392525E+00  1.94018E+01  1.2373E+00  1.8013E+02  1.2756E+00  1.8141E+02  1.638E+02  1.677E-01
7.902609E+00  1.94134E+01  1.0989E+00  1.4966E+02  1.1996E+00  1.5086E+02  1.362E+02  1.569E-01
8.447890E+00  1.94155E+01  9.7605E-01  1.2435E+02  1.1266E+00  1.2548E+02  1.132E+02  1.468E-01
9.030794E+00  1.94122E+01  8.6567E-01  1.0317E+02  1.0569E+00  1.0423E+02  9.396E+01  1.373E-01
9.653919E+00  1.94018E+01  7.6367E-01  8.5137E+01  9.9047E-01  8.6127E+01  7.761E+01  1.284E-01
1.032004E+01  1.93862E+01  6.7372E-01  7.0262E+01  9.2736E-01  7.1189E+01  6.410E+01  1.201E-01
1.103212E+01  1.93677E+01  5.9441E-01  5.7990E+01  8.6762E-01  5.8858E+01  5.295E+01  1.124E-01
1.179334E+01  1.93476E+01  5.2447E-01  4.7864E+01  8.1125E-01  4.8675E+01  4.373E+01  1.051E-01
1.260708E+01  1.93268E+01  4.6278E-01  3.9508E+01  7.5820E-01  4.0266E+01  3.612E+01  9.834E-02
1.347697E+01  1.93059E+01  4.0837E-01  3.2613E+01  7.0842E-01  3.3321E+01  2.984E+01  9.200E-02
1.440688E+01  1.92855E+01  3.6038E-01  2.6922E+01  6.6185E-01  2.7584E+01  2.464E+01  8.606E-02
1.540095E+01  1.92659E+01  3.1804E-01  2.2226E+01  6.1839E-01  2.2844E+01  2.036E+01  8.050E-02
1.646362E+01  1.92470E+01  2.7920E-01  1.8252E+01  5.7794E-01  1.8830E+01  1.672E+01  7.531E-02
1.759961E+01  1.92283E+01  2.4474E-01  1.4967E+01  5.4037E-01  1.5507E+01  1.371E+01  7.045E-02
1.881398E+01  1.92102E+01  2.1455E-01  1.2273E+01  5.0557E-01  1.2779E+01  1.124E+01  6.590E-02
2.011215E+01  1.91929E+01  1.8808E-01  1.0065E+01  4.7340E-01  1.0538E+01  9.213E+00  6.165E-02
2.149988E+01  1.91767E+01  1.6489E-01  8.2542E+00  4.4372E-01  8.6979E+00  7.554E+00  5.767E-02
2.298338E+01  1.91616E+01  1.4456E-01  6.7694E+00  4.1640E-01  7.1858E+00  6.193E+00  5.395E-02
2.456923E+01  1.91476E+01  1.2674E-01  5.5520E+00  3.9128E-01  5.9433E+00  5.078E+00  5.046E-02
2.626450E+01  1.91350E+01  1.1112E-01  4.5536E+00  3.6823E-01  4.9218E+00  4.163E+00  4.721E-02
2.807676E+01  1.91233E+01  9.6820E-02  3.7114E+00  3.4711E-01  4.0585E+00  3.393E+00  4.416E-02
3.001405E+01  1.91119E+01  8.4188E-02  3.0189E+00  3.2778E-01  3.3467E+00  2.760E+00  4.131E-02
3.208502E+01  1.91014E+01  7.3206E-02  2.4556E+00  3.1011E-01  2.7657E+00  2.245E+00  3.864E-02
3.429889E+01  1.90917E+01  6.3658E-02  1.9975E+00  2.9396E-01  2.2915E+00  1.827E+00  3.615E-02
3.666551E+01  1.90827E+01  5.5356E-02  1.6249E+00  2.7922E-01  1.9041E+00  1.486E+00  3.381E-02
3.919543E+01  1.90746E+01  4.8138E-02  1.3218E+00  2.6576E-01  1.5876E+00  1.209E+00  3.163E-02
4.189992E+01  1.90671E+01  4.1862E-02  1.0753E+00  2.5347E-01  1.3288E+00  9.833E-01  2.959E-02
4.479101E+01  1.90603E+01  3.6404E-02  8.7475E-01  2.4224E-01  1.1170E+00  7.999E-01  2.768E-02
4.788159E+01  1.90542E+01  3.1659E-02  7.1163E-01  2.3198E-01  9.4361E-01  6.507E-01  2.589E-02

