*S (Z = 16) Atomic weight: /A_r / = 32.06000 g mol^-1 *   Nominal
density:   /ρ/ (g cm^-3 ) = 2.0700
    /σ//_a /(barns/atom) = [/μ///ρ/](cm^2 g^-1 )  ×  5.32369E+01 
    /E/(eV) [/μ///ρ/](cm^2 g^-1 ) = /f/_2 (/e/ atom^-1 )  ×  1.31255E+06 
    7 edges. Edge energies (keV):

     
      K      2.47200E+00  L I    2.29200E-01  L II   1.64800E-01  L III  1.64800E-01 
      M I    1.76882E-02  M II   7.81363E-03  M III  7.73488E-03 

    Relativistic correction estimate /f/_rel (H82,3/5CL) = -3.5338E-02,
    -2.1000E-02 /e/ atom^-1 
    Nuclear Thomson correction /f/_NT = -4.3804E-03 /e/ atom^-1 

------------------------------------------------------------------------
*Form Factors, Attenuation and Scattering Cross-sections*
*Z=16, /E/ = 0.5 - 50 keV*

      /E/            /f/_1           /f/_2         [mu/rho]      [sigma/rho]      [mu/rho]      [mu/rho]_/K/       lambda
                                      Photoelectric Coh+inc      Total
     keV        /e/ atom^-1       /e/ atom^-1    cm^2  /g/^-1        cm^2  /g/^-1       cm^2  /g/^-1    cm^2  /g/^-1      nm
5.124891E-01  1.53221E+01  4.8084E+00  1.2315E+04  1.9670E+00  1.2317E+04  0.000E+00  2.419E+00
5.478508E-01  1.54165E+01  4.3745E+00  1.0480E+04  2.0540E+00  1.0482E+04  0.000E+00  2.263E+00
5.856525E-01  1.54802E+01  3.9729E+00  8.9041E+03  2.1372E+00  8.9062E+03  0.000E+00  2.117E+00
6.260625E-01  1.55185E+01  3.6027E+00  7.5531E+03  2.2162E+00  7.5553E+03  0.000E+00  1.980E+00
6.692609E-01  1.55359E+01  3.2623E+00  6.3980E+03  2.2902E+00  6.4003E+03  0.000E+00  1.853E+00
7.154399E-01  1.55359E+01  2.9496E+00  5.4113E+03  2.3587E+00  5.4137E+03  0.000E+00  1.733E+00
7.648052E-01  1.55214E+01  2.6633E+00  4.5707E+03  2.4211E+00  4.5731E+03  0.000E+00  1.621E+00
8.175768E-01  1.54951E+01  2.4023E+00  3.8567E+03  2.4769E+00  3.8592E+03  0.000E+00  1.516E+00
8.739896E-01  1.54600E+01  2.1653E+00  3.2518E+03  2.5257E+00  3.2543E+03  0.000E+00  1.419E+00
9.342948E-01  1.54191E+01  1.9505E+00  2.7402E+03  2.5672E+00  2.7428E+03  0.000E+00  1.327E+00
9.987612E-01  1.53770E+01  1.7565E+00  2.3083E+03  2.6010E+00  2.3109E+03  0.000E+00  1.241E+00
1.067676E+00  1.53185E+01  1.5563E+00  1.9132E+03  2.6269E+00  1.9158E+03  0.000E+00  1.161E+00
1.141345E+00  1.52465E+01  1.3799E+00  1.5869E+03  2.6448E+00  1.5895E+03  0.000E+00  1.086E+00
1.220098E+00  1.51657E+01  1.2248E+00  1.3176E+03  2.6546E+00  1.3203E+03  0.000E+00  1.016E+00
1.304285E+00  1.50779E+01  1.0883E+00  1.0952E+03  2.6564E+00  1.0979E+03  0.000E+00  9.506E-01
1.394281E+00  1.49834E+01  9.6802E-01  9.1127E+02  2.6502E+00  9.1392E+02  0.000E+00  8.892E-01
1.490486E+00  1.48807E+01  8.6197E-01  7.5906E+02  2.6362E+00  7.6170E+02  0.000E+00  8.318E-01
1.593329E+00  1.47671E+01  7.6836E-01  6.3296E+02  2.6146E+00  6.3557E+02  0.000E+00  7.781E-01
1.703269E+00  1.46378E+01  6.8566E-01  5.2838E+02  2.5858E+00  5.3097E+02  0.000E+00  7.279E-01
1.820795E+00  1.44842E+01  6.1253E-01  4.4155E+02  2.5501E+00  4.4410E+02  0.000E+00  6.809E-01
1.946430E+00  1.42907E+01  5.4778E-01  3.6939E+02  2.5079E+00  3.7190E+02  0.000E+00  6.370E-01
2.080733E+00  1.40245E+01  4.9041E-01  3.0935E+02  2.4596E+00  3.1181E+02  0.000E+00  5.959E-01
2.224304E+00  1.35997E+01  4.3951E-01  2.5935E+02  2.4058E+00  2.6176E+02  0.000E+00  5.574E-01
2.377781E+00  1.26322E+01  3.9431E-01  2.1766E+02  2.3469E+00  2.2001E+02  0.000E+00  5.214E-01
2.422560E+00  1.19404E+01  3.8259E-01  2.0729E+02  2.3296E+00  2.0962E+02  0.000E+00  5.118E-01
2.459640E+00  1.03757E+01  3.7333E-01  1.9922E+02  2.3153E+00  2.0154E+02  0.000E+00  5.041E-01
2.469528E+00  8.49659E+00  3.7093E-01  1.9715E+02  2.3115E+00  1.9946E+02  0.000E+00  5.021E-01
2.484360E+00  1.03922E+01  4.0700E+00  2.1503E+03  2.3058E+00  2.1526E+03  1.956E+03  4.991E-01
2.521440E+00  1.21135E+01  3.9926E+00  2.0784E+03  2.2915E+00  2.0807E+03  1.892E+03  4.917E-01
2.541848E+00  1.25569E+01  3.9512E+00  2.0403E+03  2.2836E+00  2.0426E+03  1.857E+03  4.878E-01
2.717235E+00  1.42376E+01  3.5845E+00  1.7315E+03  2.2163E+00  1.7337E+03  1.578E+03  4.563E-01
2.904724E+00  1.49741E+01  3.2216E+00  1.4557E+03  2.1458E+00  1.4578E+03  1.326E+03  4.268E-01
3.105150E+00  1.54198E+01  2.8955E+00  1.2239E+03  2.0724E+00  1.2260E+03  1.116E+03  3.993E-01
3.319406E+00  1.57231E+01  2.5973E+00  1.0270E+03  1.9968E+00  1.0290E+03  9.378E+02  3.735E-01
3.548445E+00  1.59311E+01  2.3237E+00  8.5953E+02  1.9196E+00  8.6145E+02  7.858E+02  3.494E-01
3.793288E+00  1.60769E+01  2.0792E+00  7.1943E+02  1.8412E+00  7.2127E+02  6.584E+02  3.269E-01
4.055024E+00  1.61802E+01  1.8606E+00  6.0224E+02  1.7623E+00  6.0400E+02  5.517E+02  3.058E-01
4.334821E+00  1.62533E+01  1.6650E+00  5.0415E+02  1.6832E+00  5.0583E+02  4.623E+02  2.860E-01
4.633924E+00  1.63047E+01  1.4893E+00  4.2183E+02  1.6044E+00  4.2343E+02  3.873E+02  2.676E-01
4.953664E+00  1.63850E+01  1.3318E+00  3.5289E+02  1.5264E+00  3.5442E+02  3.244E+02  2.503E-01
5.295467E+00  1.64057E+01  1.1801E+00  2.9250E+02  1.4494E+00  2.9395E+02  2.690E+02  2.341E-01
5.660855E+00  1.64117E+01  1.0457E+00  2.4247E+02  1.3740E+00  2.4384E+02  2.231E+02  2.190E-01
6.051453E+00  1.64086E+01  9.2670E-01  2.0100E+02  1.3003E+00  2.0230E+02  1.850E+02  2.049E-01
6.469004E+00  1.63993E+01  8.2127E-01  1.6663E+02  1.2287E+00  1.6786E+02  1.534E+02  1.917E-01
6.915365E+00  1.63859E+01  7.2786E-01  1.3815E+02  1.1594E+00  1.3931E+02  1.272E+02  1.793E-01
7.392525E+00  1.63698E+01  6.4511E-01  1.1454E+02  1.0926E+00  1.1563E+02  1.055E+02  1.677E-01
7.902609E+00  1.63522E+01  5.7180E-01  9.4970E+01  1.0283E+00  9.5998E+01  8.749E+01  1.569E-01
8.447890E+00  1.63342E+01  5.0681E-01  7.8743E+01  9.6685E-01  7.9710E+01  7.255E+01  1.468E-01
9.030794E+00  1.63180E+01  4.4855E-01  6.5193E+01  9.0821E-01  6.6101E+01  6.008E+01  1.373E-01
9.653919E+00  1.62986E+01  3.9488E-01  5.3687E+01  8.5247E-01  5.4539E+01  4.951E+01  1.284E-01
1.032004E+01  1.62792E+01  3.4764E-01  4.4214E+01  7.9965E-01  4.5014E+01  4.080E+01  1.201E-01
1.103212E+01  1.62603E+01  3.0521E-01  3.6312E+01  7.4976E-01  3.7062E+01  3.353E+01  1.124E-01
1.179334E+01  1.62413E+01  2.6702E-01  2.9718E+01  7.0278E-01  3.0421E+01  2.744E+01  1.051E-01
1.260708E+01  1.62226E+01  2.3361E-01  2.4322E+01  6.5866E-01  2.4981E+01  2.246E+01  9.834E-02
1.347697E+01  1.62045E+01  2.0439E-01  1.9906E+01  6.1735E-01  2.0523E+01  1.838E+01  9.200E-02
1.440688E+01  1.61874E+01  1.7883E-01  1.6293E+01  5.7876E-01  1.6872E+01  1.504E+01  8.606E-02
1.540095E+01  1.61713E+01  1.5647E-01  1.3335E+01  5.4282E-01  1.3878E+01  1.231E+01  8.050E-02
1.646362E+01  1.61562E+01  1.3691E-01  1.0915E+01  5.0942E-01  1.1424E+01  1.008E+01  7.531E-02
1.759961E+01  1.61422E+01  1.1980E-01  8.9346E+00  4.7844E-01  9.4130E+00  8.249E+00  7.045E-02
1.881398E+01  1.61293E+01  1.0483E-01  7.3136E+00  4.4978E-01  7.7634E+00  6.751E+00  6.590E-02
2.011215E+01  1.61174E+01  9.1735E-02  5.9867E+00  4.2332E-01  6.4100E+00  5.526E+00  6.165E-02
2.149988E+01  1.61064E+01  8.0275E-02  4.9007E+00  3.9892E-01  5.2996E+00  4.522E+00  5.767E-02
2.298338E+01  1.60964E+01  7.0249E-02  4.0118E+00  3.7647E-01  4.3883E+00  3.702E+00  5.395E-02
2.456923E+01  1.60873E+01  6.1476E-02  3.2842E+00  3.5584E-01  3.6400E+00  3.030E+00  5.046E-02
2.626450E+01  1.60790E+01  5.3800E-02  2.6886E+00  3.3690E-01  3.0255E+00  2.480E+00  4.721E-02
2.807676E+01  1.60715E+01  4.6793E-02  2.1875E+00  3.1954E-01  2.5070E+00  2.017E+00  4.416E-02
3.001405E+01  1.60645E+01  4.0617E-02  1.7762E+00  3.0363E-01  2.0798E+00  1.638E+00  4.131E-02
3.208502E+01  1.60581E+01  3.5256E-02  1.4423E+00  2.8906E-01  1.7314E+00  1.330E+00  3.864E-02
3.429889E+01  1.60523E+01  3.0603E-02  1.1711E+00  2.7572E-01  1.4468E+00  1.080E+00  3.615E-02
3.666551E+01  1.60470E+01  2.6565E-02  9.5097E-01  2.6350E-01  1.2145E+00  8.772E-01  3.381E-02
3.919543E+01  1.60421E+01  2.3060E-02  7.7221E-01  2.5231E-01  1.0245E+00  7.123E-01  3.163E-02
4.189992E+01  1.60378E+01  2.0017E-02  6.2706E-01  2.4205E-01  8.6911E-01  5.784E-01  2.959E-02
4.479101E+01  1.60338E+01  1.7377E-02  5.0920E-01  2.3263E-01  7.4183E-01  4.697E-01  2.768E-02
4.788159E+01  1.60303E+01  1.5084E-02  4.1350E-01  2.2397E-01  6.3747E-01  3.814E-01  2.589E-02

