*Mn (Z = 25) Atomic weight: /A_r / = 54.93800 g mol^-1 *   Nominal
density:   /ρ/ (g cm^-3 ) = 7.4300
    /σ//_a /(barns/atom) = [/μ///ρ/](cm^2 g^-1 )  ×  9.12268E+01 
    /E/(eV) [/μ///ρ/](cm^2 g^-1 ) = /f/_2 (/e/ atom^-1 )  ×  7.65960E+05 
    9 edges. Edge energies (keV):

     
      K      6.53900E+00  L I    7.69000E-01  L II   6.51400E-01  L III  6.40300E-01 
      M I    8.39000E-02  M II   4.86000E-02  M III  4.86000E-02  M IV   7.26159E-03 
      M V    7.14378E-03 

    Relativistic correction estimate /f/_rel (H82,3/5CL) = -9.8594E-02,
    -6.1200E-02 /e/ atom^-1 
    Nuclear Thomson correction /f/_NT = -6.2409E-03 /e/ atom^-1 

------------------------------------------------------------------------
*Form Factors, Attenuation and Scattering Cross-sections*
*Z=25, /E/ = 0.5 - 50 keV*

      /E/            /f/_1           /f/_2         [mu/rho]      [sigma/rho]      [mu/rho]      [mu/rho]_/K/       lambda
                                      Photoelectric Coh+inc      Total
     keV        /e/ atom^-1       /e/ atom^-1    cm^2  /g/^-1        cm^2  /g/^-1       cm^2  /g/^-1    cm^2  /g/^-1      nm
5.124891E-01  1.35289E+01  2.2649E+00  3.3851E+03  2.7851E+00  3.3879E+03  0.000E+00  2.419E+00
5.478508E-01  1.25443E+01  2.1063E+00  2.9448E+03  2.9173E+00  2.9477E+03  0.000E+00  2.263E+00
5.856525E-01  1.07856E+01  1.9569E+00  2.5594E+03  3.0451E+00  2.5624E+03  0.000E+00  2.117E+00
6.260625E-01  5.92995E+00  1.8169E+00  2.2229E+03  3.1675E+00  2.2261E+03  0.000E+00  1.980E+00
6.274940E-01  5.54629E+00  1.8123E+00  2.2122E+03  3.1716E+00  2.2154E+03  0.000E+00  1.976E+00
6.370985E-01  7.07354E-01  1.7817E+00  2.1421E+03  3.1985E+00  2.1453E+03  0.000E+00  1.946E+00
6.383720E-01 -9.76022E-01  1.7778E+00  2.1331E+03  3.2020E+00  2.1363E+03  0.000E+00  1.942E+00
6.396597E-01 -4.53373E+00  1.7738E+00  2.1240E+03  3.2056E+00  2.1272E+03  0.000E+00  1.938E+00
6.435015E-01  7.75254E-02  1.1535E+01  1.3730E+04  3.2161E+00  1.3733E+04  0.000E+00  1.927E+00
6.481430E-01  1.67813E+00  1.1416E+01  1.3492E+04  3.2286E+00  1.3495E+04  0.000E+00  1.913E+00
6.507486E-01  1.72464E-01  1.1351E+01  1.3360E+04  3.2356E+00  1.3363E+04  0.000E+00  1.905E+00
6.531060E-01  2.39202E+00  1.6147E+01  1.8937E+04  3.2418E+00  1.8940E+04  0.000E+00  1.898E+00
6.546570E-01  3.80093E+00  1.6092E+01  1.8828E+04  3.2459E+00  1.8831E+04  0.000E+00  1.894E+00
6.644280E-01  7.80621E+00  1.5750E+01  1.8157E+04  3.2712E+00  1.8160E+04  0.000E+00  1.866E+00
6.692609E-01  8.95254E+00  1.5586E+01  1.7838E+04  3.2835E+00  1.7841E+04  0.000E+00  1.853E+00
7.154399E-01  1.42272E+01  1.4152E+01  1.5151E+04  3.3922E+00  1.5154E+04  0.000E+00  1.733E+00
7.536200E-01  1.57962E+01  1.3130E+01  1.3345E+04  3.4713E+00  1.3348E+04  0.000E+00  1.645E+00
7.648052E-01  1.55761E+01  1.2855E+01  1.2874E+04  3.4928E+00  1.2877E+04  0.000E+00  1.621E+00
7.651550E-01  1.55425E+01  1.2846E+01  1.2860E+04  3.4935E+00  1.2863E+04  0.000E+00  1.620E+00
7.682310E-01  1.47738E+01  1.2772E+01  1.2734E+04  3.4992E+00  1.2738E+04  0.000E+00  1.614E+00
7.728450E-01  1.58637E+01  1.4414E+01  1.4286E+04  3.5078E+00  1.4290E+04  0.000E+00  1.604E+00
7.843800E-01  1.70753E+01  1.4137E+01  1.3805E+04  3.5286E+00  1.3809E+04  0.000E+00  1.581E+00
8.175768E-01  1.87594E+01  1.3388E+01  1.2542E+04  3.5844E+00  1.2546E+04  0.000E+00  1.516E+00
8.739896E-01  2.04727E+01  1.2261E+01  1.0746E+04  3.6663E+00  1.0750E+04  0.000E+00  1.419E+00
9.342948E-01  2.16815E+01  1.1217E+01  9.1960E+03  3.7379E+00  9.1997E+03  0.000E+00  1.327E+00
9.987612E-01  2.25986E+01  1.0249E+01  7.8601E+03  3.7986E+00  7.8639E+03  0.000E+00  1.241E+00
1.067676E+00  2.33123E+01  9.3203E+00  6.6865E+03  3.8481E+00  6.6903E+03  0.000E+00  1.161E+00
1.141345E+00  2.38555E+01  8.4254E+00  5.6543E+03  3.8859E+00  5.6582E+03  0.000E+00  1.086E+00
1.220098E+00  2.42393E+01  7.5974E+00  4.7695E+03  3.9119E+00  4.7734E+03  0.000E+00  1.016E+00
1.304285E+00  2.45176E+01  6.8499E+00  4.0227E+03  3.9260E+00  4.0266E+03  0.000E+00  9.506E-01
1.394281E+00  2.47113E+01  6.1613E+00  3.3847E+03  3.9282E+00  3.3886E+03  0.000E+00  8.892E-01
1.490486E+00  2.48369E+01  5.5413E+00  2.8477E+03  3.9186E+00  2.8516E+03  0.000E+00  8.318E-01
1.593329E+00  2.49125E+01  4.9834E+00  2.3957E+03  3.8975E+00  2.3996E+03  0.000E+00  7.781E-01
1.703269E+00  2.49499E+01  4.4808E+00  2.0150E+03  3.8651E+00  2.0189E+03  0.000E+00  7.279E-01
1.820795E+00  2.49583E+01  4.0297E+00  1.6952E+03  3.8220E+00  1.6990E+03  0.000E+00  6.809E-01
1.946430E+00  2.49447E+01  3.6251E+00  1.4266E+03  3.7687E+00  1.4304E+03  0.000E+00  6.370E-01
2.080733E+00  2.49156E+01  3.2624E+00  1.2010E+03  3.7056E+00  1.2047E+03  0.000E+00  5.959E-01
2.224304E+00  2.48752E+01  2.9374E+00  1.0115E+03  3.6336E+00  1.0151E+03  0.000E+00  5.574E-01
2.377781E+00  2.48294E+01  2.6463E+00  8.5245E+02  3.5532E+00  8.5600E+02  0.000E+00  5.214E-01
2.541848E+00  2.47785E+01  2.3855E+00  7.1884E+02  3.4653E+00  7.2231E+02  0.000E+00  4.878E-01
2.717235E+00  2.47246E+01  2.1404E+00  6.0336E+02  3.3707E+00  6.0673E+02  0.000E+00  4.563E-01
2.904724E+00  2.46691E+01  1.9200E+00  5.0629E+02  3.2702E+00  5.0956E+02  0.000E+00  4.268E-01
3.105150E+00  2.46120E+01  1.7102E+00  4.2186E+02  3.1645E+00  4.2502E+02  0.000E+00  3.993E-01
3.319406E+00  2.45255E+01  1.5080E+00  3.4798E+02  3.0547E+00  3.5103E+02  0.000E+00  3.735E-01
3.548445E+00  2.44274E+01  1.3310E+00  2.8731E+02  2.9414E+00  2.9025E+02  0.000E+00  3.494E-01
3.793288E+00  2.43202E+01  1.1760E+00  2.3746E+02  2.8255E+00  2.4029E+02  0.000E+00  3.269E-01
4.055024E+00  2.42039E+01  1.0400E+00  1.9645E+02  2.7078E+00  1.9916E+02  0.000E+00  3.058E-01
4.334821E+00  2.40759E+01  9.2070E-01  1.6269E+02  2.5891E+00  1.6528E+02  0.000E+00  2.860E-01
4.633924E+00  2.39312E+01  8.1589E-01  1.3486E+02  2.4700E+00  1.3733E+02  0.000E+00  2.676E-01
4.953664E+00  2.37601E+01  7.2375E-01  1.1191E+02  2.3512E+00  1.1426E+02  0.000E+00  2.503E-01
5.295467E+00  2.35437E+01  6.4266E-01  9.2957E+01  2.2334E+00  9.5190E+01  0.000E+00  2.341E-01
5.660855E+00  2.32388E+01  5.7123E-01  7.7292E+01  2.1172E+00  7.9409E+01  0.000E+00  2.190E-01
6.051453E+00  2.27115E+01  5.0825E-01  6.4331E+01  2.0030E+00  6.6334E+01  0.000E+00  2.049E-01
6.408220E+00  2.14354E+01  4.6011E-01  5.4996E+01  1.9070E+00  5.6903E+01  0.000E+00  1.935E-01
6.469004E+00  2.07891E+01  4.5266E-01  5.3597E+01  1.8914E+00  5.5488E+01  0.000E+00  1.917E-01
6.506305E+00  1.99795E+01  4.4818E-01  5.2763E+01  1.8819E+00  5.4645E+01  0.000E+00  1.906E-01
6.532461E+00  1.82218E+01  4.4509E-01  5.2189E+01  1.8753E+00  5.4064E+01  0.000E+00  1.898E-01
6.571695E+00  2.00165E+01  3.9072E+00  4.5540E+02  1.8654E+00  4.5727E+02  4.041E+02  1.887E-01
6.669780E+00  2.16410E+01  3.7970E+00  4.3604E+02  1.8412E+00  4.3788E+02  3.867E+02  1.859E-01
6.915365E+00  2.29017E+01  3.5470E+00  3.9288E+02  1.7827E+00  3.9466E+02  3.482E+02  1.793E-01
7.392525E+00  2.38502E+01  3.1829E+00  3.2979E+02  1.6773E+00  3.3147E+02  2.925E+02  1.677E-01
7.902609E+00  2.43589E+01  2.8708E+00  2.7825E+02  1.5754E+00  2.7983E+02  2.471E+02  1.569E-01
8.447890E+00  2.46957E+01  2.5884E+00  2.3469E+02  1.4775E+00  2.3617E+02  2.086E+02  1.468E-01
9.030794E+00  2.49352E+01  2.3192E+00  1.9670E+02  1.3836E+00  1.9808E+02  1.750E+02  1.373E-01
9.653919E+00  2.50944E+01  2.0682E+00  1.6409E+02  1.2938E+00  1.6538E+02  1.462E+02  1.284E-01
1.032004E+01  2.52022E+01  1.8446E+00  1.3690E+02  1.2084E+00  1.3811E+02  1.221E+02  1.201E-01
1.103212E+01  2.52757E+01  1.6453E+00  1.1423E+02  1.1273E+00  1.1536E+02  1.021E+02  1.124E-01
1.179334E+01  2.53252E+01  1.4677E+00  9.5325E+01  1.0506E+00  9.6376E+01  8.528E+01  1.051E-01
1.260708E+01  2.53579E+01  1.3092E+00  7.9543E+01  9.7820E-01  8.0521E+01  7.125E+01  9.834E-02
1.347697E+01  2.54183E+01  1.1631E+00  6.6107E+01  9.1014E-01  6.7017E+01  5.927E+01  9.200E-02
1.440688E+01  2.54240E+01  1.0284E+00  5.4675E+01  8.4632E-01  5.5521E+01  4.903E+01  8.606E-02
1.540095E+01  2.54196E+01  9.0870E-01  4.5194E+01  7.8663E-01  4.5981E+01  4.056E+01  8.050E-02
1.646362E+01  2.54086E+01  8.0299E-01  3.7359E+01  7.3097E-01  3.8090E+01  3.355E+01  7.531E-02
1.759961E+01  2.53932E+01  7.0962E-01  3.0884E+01  6.7918E-01  3.1563E+01  2.775E+01  7.045E-02
1.881398E+01  2.53751E+01  6.2716E-01  2.5533E+01  6.3111E-01  2.6164E+01  2.296E+01  6.590E-02
2.011215E+01  2.53554E+01  5.5431E-01  2.1111E+01  5.8661E-01  2.1698E+01  1.899E+01  6.165E-02
2.149988E+01  2.53349E+01  4.8995E-01  1.7455E+01  5.4551E-01  1.8001E+01  1.571E+01  5.767E-02
2.298338E+01  2.53143E+01  4.3309E-01  1.4433E+01  5.0762E-01  1.4941E+01  1.300E+01  5.395E-02
2.456923E+01  2.52941E+01  3.8284E-01  1.1935E+01  4.7277E-01  1.2408E+01  1.075E+01  5.046E-02
2.626450E+01  2.52746E+01  3.3845E-01  9.8703E+00  4.4077E-01  1.0311E+01  8.893E+00  4.721E-02
2.807676E+01  2.52565E+01  2.9781E-01  8.1245E+00  4.1144E-01  8.5359E+00  7.325E+00  4.416E-02
3.001405E+01  2.52383E+01  2.6044E-01  6.6465E+00  3.8461E-01  7.0311E+00  5.995E+00  4.131E-02
3.208502E+01  2.52200E+01  2.2761E-01  5.4337E+00  3.6010E-01  5.7938E+00  4.902E+00  3.864E-02
3.429889E+01  2.52021E+01  1.9892E-01  4.4423E+00  3.3773E-01  4.7800E+00  4.008E+00  3.615E-02
3.666551E+01  2.51851E+01  1.7386E-01  3.6320E+00  3.1735E-01  3.9494E+00  3.278E+00  3.381E-02
3.919543E+01  2.51691E+01  1.5195E-01  2.9695E+00  2.9880E-01  3.2683E+00  2.680E+00  3.163E-02
4.189992E+01  2.51541E+01  1.3281E-01  2.4278E+00  2.8191E-01  2.7097E+00  2.191E+00  2.959E-02
4.479101E+01  2.51401E+01  1.1608E-01  1.9850E+00  2.6656E-01  2.2516E+00  1.792E+00  2.768E-02
4.788159E+01  2.51272E+01  1.0146E-01  1.6230E+00  2.5259E-01  1.8756E+00  1.465E+00  2.589E-02

