*Cr (Z = 24) Atomic weight: /A_r / = 51.99600 g mol^-1 *   Nominal
density:   /ρ/ (g cm^-3 ) = 7.1800
    /σ//_a /(barns/atom) = [/μ///ρ/](cm^2 g^-1 )  ×  8.63414E+01 
    /E/(eV) [/μ///ρ/](cm^2 g^-1 ) = /f/_2 (/e/ atom^-1 )  ×  8.09299E+05 
    9 edges. Edge energies (keV):

     
      K      5.98920E+00  L I    6.94600E-01  L II   5.83700E-01  L III  5.74500E-01 
      M I    7.41000E-02  M II   4.25000E-02  M III  4.25000E-02  M IV   2.30000E-03 
      M V    2.30000E-03 

    Relativistic correction estimate /f/_rel (H82,3/5CL) = -8.9603E-02,
    -5.5800E-02 /e/ atom^-1 
    Nuclear Thomson correction /f/_NT = -6.0770E-03 /e/ atom^-1 

------------------------------------------------------------------------
*Form Factors, Attenuation and Scattering Cross-sections*
*Z=24, /E/ = 0.5 - 50 keV*

      /E/            /f/_1           /f/_2         [mu/rho]      [sigma/rho]      [mu/rho]      [mu/rho]_/K/       lambda
                                      Photoelectric Coh+inc      Total
     keV        /e/ atom^-1       /e/ atom^-1    cm^2  /g/^-1        cm^2  /g/^-1       cm^2  /g/^-1    cm^2  /g/^-1      nm
5.124891E-01  1.02203E+01  1.8997E+00  3.0000E+03  2.7561E+00  3.0028E+03  0.000E+00  2.419E+00
5.478508E-01  7.17813E+00  1.7709E+00  2.6160E+03  2.8850E+00  2.6189E+03  0.000E+00  2.263E+00
5.630100E-01  4.03264E+00  1.7204E+00  2.4729E+03  2.9365E+00  2.4758E+03  0.000E+00  2.202E+00
5.720260E-01 -1.46698E+00  1.6915E+00  2.3932E+03  2.9661E+00  2.3962E+03  0.000E+00  2.167E+00
5.739255E-01 -6.34058E+00  1.6856E+00  2.3768E+03  2.9722E+00  2.3798E+03  0.000E+00  2.160E+00
5.773725E-01 -1.66698E+00  1.1688E+01  1.6383E+04  2.9833E+00  1.6386E+04  0.000E+00  2.147E+00
5.807815E-01 -2.33901E-01  1.1587E+01  1.6146E+04  2.9941E+00  1.6149E+04  0.000E+00  2.135E+00
5.831163E-01 -1.67326E+00  1.1518E+01  1.5986E+04  3.0015E+00  1.5989E+04  0.000E+00  2.126E+00
5.856525E-01  1.18309E+00  1.6406E+01  2.2671E+04  3.0094E+00  2.2674E+04  0.000E+00  2.117E+00
5.859900E-01  1.54437E+00  1.6392E+01  2.2638E+04  3.0104E+00  2.2641E+04  0.000E+00  2.116E+00
5.866185E-01  2.12272E+00  1.6365E+01  2.2578E+04  3.0124E+00  2.2581E+04  0.000E+00  2.114E+00
5.953740E-01  6.31539E+00  1.6009E+01  2.1761E+04  3.0393E+00  2.1764E+04  0.000E+00  2.082E+00
6.260625E-01  1.16720E+01  1.4855E+01  1.9203E+04  3.1283E+00  1.9206E+04  0.000E+00  1.980E+00
6.692609E-01  1.45819E+01  1.3462E+01  1.6279E+04  3.2407E+00  1.6282E+04  0.000E+00  1.853E+00
6.807080E-01  1.48744E+01  1.3133E+01  1.5614E+04  3.2682E+00  1.5617E+04  0.000E+00  1.821E+00
6.911270E-01  1.46210E+01  1.2846E+01  1.5043E+04  3.2923E+00  1.5046E+04  0.000E+00  1.794E+00
6.939054E-01  1.38694E+01  1.2771E+01  1.4895E+04  3.2986E+00  1.4898E+04  0.000E+00  1.787E+00
6.980730E-01  1.49312E+01  1.4371E+01  1.6661E+04  3.3080E+00  1.6664E+04  0.000E+00  1.776E+00
7.084920E-01  1.61104E+01  1.4093E+01  1.6099E+04  3.3309E+00  1.6102E+04  0.000E+00  1.750E+00
7.154399E-01  1.65908E+01  1.3914E+01  1.5739E+04  3.3458E+00  1.5742E+04  0.000E+00  1.733E+00
7.648052E-01  1.87137E+01  1.2748E+01  1.3490E+04  3.4427E+00  1.3493E+04  0.000E+00  1.621E+00
8.175768E-01  2.00955E+01  1.1672E+01  1.1554E+04  3.5306E+00  1.1558E+04  0.000E+00  1.516E+00
8.739896E-01  2.11147E+01  1.0670E+01  9.8800E+03  3.6089E+00  9.8836E+03  0.000E+00  1.419E+00
9.342948E-01  2.19000E+01  9.7452E+00  8.4414E+03  3.6770E+00  8.4451E+03  0.000E+00  1.327E+00
9.987612E-01  2.25466E+01  8.8912E+00  7.2046E+03  3.7342E+00  7.2083E+03  0.000E+00  1.241E+00
1.067676E+00  2.30148E+01  8.0226E+00  6.0811E+03  3.7803E+00  6.0849E+03  0.000E+00  1.161E+00
1.141345E+00  2.33470E+01  7.2353E+00  5.1303E+03  3.8150E+00  5.1341E+03  0.000E+00  1.086E+00
1.220098E+00  2.35870E+01  6.5161E+00  4.3221E+03  3.8380E+00  4.3259E+03  0.000E+00  1.016E+00
1.304285E+00  2.37474E+01  5.8615E+00  3.6370E+03  3.8493E+00  3.6408E+03  0.000E+00  9.506E-01
1.394281E+00  2.38492E+01  5.2721E+00  3.0602E+03  3.8489E+00  3.0640E+03  0.000E+00  8.892E-01
1.490486E+00  2.39066E+01  4.7405E+00  2.5740E+03  3.8370E+00  2.5778E+03  0.000E+00  8.318E-01
1.593329E+00  2.39301E+01  4.2630E+00  2.1653E+03  3.8139E+00  2.1691E+03  0.000E+00  7.781E-01
1.703269E+00  2.39280E+01  3.8344E+00  1.8219E+03  3.7798E+00  1.8257E+03  0.000E+00  7.279E-01
1.820795E+00  2.39099E+01  3.4502E+00  1.5335E+03  3.7353E+00  1.5372E+03  0.000E+00  6.809E-01
1.946430E+00  2.38752E+01  3.1057E+00  1.2913E+03  3.6808E+00  1.2950E+03  0.000E+00  6.370E-01
2.080733E+00  2.38307E+01  2.7971E+00  1.0879E+03  3.6169E+00  1.0915E+03  0.000E+00  5.959E-01
2.224304E+00  2.37813E+01  2.5207E+00  9.1714E+02  3.5444E+00  9.2068E+02  0.000E+00  5.574E-01
2.377781E+00  2.37276E+01  2.2658E+00  7.7117E+02  3.4639E+00  7.7463E+02  0.000E+00  5.214E-01
2.541848E+00  2.36639E+01  2.0299E+00  6.4631E+02  3.3762E+00  6.4969E+02  0.000E+00  4.878E-01
2.717235E+00  2.35939E+01  1.8208E+00  5.4230E+02  3.2820E+00  5.4558E+02  0.000E+00  4.563E-01
2.904724E+00  2.35212E+01  1.6307E+00  4.5435E+02  3.1822E+00  4.5753E+02  0.000E+00  4.268E-01
3.105150E+00  2.34551E+01  1.4474E+00  3.7725E+02  3.0777E+00  3.8033E+02  0.000E+00  3.993E-01
3.319406E+00  2.33672E+01  1.2756E+00  3.1101E+02  2.9691E+00  3.1398E+02  0.000E+00  3.735E-01
3.548445E+00  2.32625E+01  1.1254E+00  2.5667E+02  2.8575E+00  2.5953E+02  0.000E+00  3.494E-01
3.793288E+00  2.31453E+01  9.9380E-01  2.1203E+02  2.7434E+00  2.1477E+02  0.000E+00  3.269E-01
4.055024E+00  2.30137E+01  8.7851E-01  1.7533E+02  2.6278E+00  1.7796E+02  0.000E+00  3.058E-01
4.334821E+00  2.28622E+01  7.7738E-01  1.4514E+02  2.5113E+00  1.4765E+02  0.000E+00  2.860E-01
4.633924E+00  2.26790E+01  6.8860E-01  1.2026E+02  2.3946E+00  1.2265E+02  0.000E+00  2.676E-01
4.953664E+00  2.24400E+01  6.1057E-01  9.9752E+01  2.2784E+00  1.0203E+02  0.000E+00  2.503E-01
5.295467E+00  2.20858E+01  5.4194E-01  8.2824E+01  2.1633E+00  8.4987E+01  0.000E+00  2.341E-01
5.660855E+00  2.13981E+01  4.8151E-01  6.8838E+01  2.0499E+00  7.0888E+01  0.000E+00  2.190E-01
5.869416E+00  2.04015E+01  4.5180E-01  6.2295E+01  1.9892E+00  6.4284E+01  0.000E+00  2.112E-01
5.959254E+00  1.89371E+01  4.3991E-01  5.9743E+01  1.9640E+00  6.1707E+01  0.000E+00  2.081E-01
5.983211E+00  1.71703E+01  4.3683E-01  5.9086E+01  1.9573E+00  6.1043E+01  0.000E+00  2.072E-01
6.019146E+00  1.89719E+01  3.9165E+00  5.2658E+02  1.9474E+00  5.2853E+02  4.685E+02  2.060E-01
6.051453E+00  1.98252E+01  3.8773E+00  5.1854E+02  1.9386E+00  5.2048E+02  4.613E+02  2.049E-01
6.108984E+00  2.06031E+01  3.8091E+00  5.0462E+02  1.9230E+00  5.0654E+02  4.488E+02  2.030E-01
6.469004E+00  2.22661E+01  3.4413E+00  4.3052E+02  1.8299E+00  4.3235E+02  3.828E+02  1.917E-01
6.915365E+00  2.30221E+01  3.0935E+00  3.6203E+02  1.7242E+00  3.6375E+02  3.223E+02  1.793E-01
7.392525E+00  2.34637E+01  2.7898E+00  3.0541E+02  1.6218E+00  3.0703E+02  2.722E+02  1.677E-01
7.902609E+00  2.37651E+01  2.5128E+00  2.5733E+02  1.5230E+00  2.5885E+02  2.296E+02  1.569E-01
8.447890E+00  2.39746E+01  2.2524E+00  2.1578E+02  1.4280E+00  2.1721E+02  1.926E+02  1.468E-01
9.030794E+00  2.41269E+01  2.0153E+00  1.8061E+02  1.3371E+00  1.8195E+02  1.613E+02  1.373E-01
9.653919E+00  2.42270E+01  1.7961E+00  1.5057E+02  1.2502E+00  1.5182E+02  1.347E+02  1.284E-01
1.032004E+01  2.42944E+01  1.6008E+00  1.2554E+02  1.1677E+00  1.2671E+02  1.124E+02  1.201E-01
1.103212E+01  2.43392E+01  1.4269E+00  1.0467E+02  1.0893E+00  1.0576E+02  9.385E+01  1.124E-01
1.179334E+01  2.43684E+01  1.2717E+00  8.7268E+01  1.0153E+00  8.8283E+01  7.835E+01  1.051E-01
1.260708E+01  2.44243E+01  1.1261E+00  7.2289E+01  9.4556E-01  7.3235E+01  6.494E+01  9.834E-02
1.347697E+01  2.44264E+01  9.9494E-01  5.9747E+01  8.8001E-01  6.0627E+01  5.370E+01  9.200E-02
1.440688E+01  2.44195E+01  8.7882E-01  4.9367E+01  8.1859E-01  5.0186E+01  4.440E+01  8.606E-02
1.540095E+01  2.44067E+01  7.7631E-01  4.0794E+01  7.6119E-01  4.1555E+01  3.672E+01  8.050E-02
1.646362E+01  2.43901E+01  6.8580E-01  3.3712E+01  7.0769E-01  3.4420E+01  3.036E+01  7.531E-02
1.759961E+01  2.43712E+01  6.0588E-01  2.7861E+01  6.5796E-01  2.8519E+01  2.511E+01  7.045E-02
1.881398E+01  2.43509E+01  5.3531E-01  2.3027E+01  6.1183E-01  2.3639E+01  2.076E+01  6.590E-02
2.011215E+01  2.43301E+01  4.7298E-01  1.9032E+01  5.6915E-01  1.9601E+01  1.717E+01  6.165E-02
2.149988E+01  2.43093E+01  4.1793E-01  1.5732E+01  5.2974E-01  1.6262E+01  1.420E+01  5.767E-02
2.298338E+01  2.42889E+01  3.6931E-01  1.3004E+01  4.9344E-01  1.3497E+01  1.174E+01  5.395E-02
2.456923E+01  2.42694E+01  3.2636E-01  1.0750E+01  4.6006E-01  1.1210E+01  9.707E+00  5.046E-02
2.626450E+01  2.42512E+01  2.8815E-01  8.8790E+00  4.2942E-01  9.3084E+00  8.018E+00  4.721E-02
2.807676E+01  2.42333E+01  2.5208E-01  7.2662E+00  4.0135E-01  7.6676E+00  6.563E+00  4.416E-02
3.001405E+01  2.42153E+01  2.2018E-01  5.9369E+00  3.7566E-01  6.3126E+00  5.363E+00  4.131E-02
3.208502E+01  2.41978E+01  1.9232E-01  4.8510E+00  3.5220E-01  5.2032E+00  4.383E+00  3.864E-02
3.429889E+01  2.41810E+01  1.6799E-01  3.9638E+00  3.3079E-01  4.2946E+00  3.582E+00  3.615E-02
3.666551E+01  2.41653E+01  1.4673E-01  3.2386E+00  3.1128E-01  3.5499E+00  2.927E+00  3.381E-02
3.919543E+01  2.41506E+01  1.2816E-01  2.6462E+00  2.9351E-01  2.9397E+00  2.392E+00  3.163E-02
4.189992E+01  2.41369E+01  1.1195E-01  2.1623E+00  2.7732E-01  2.4396E+00  1.955E+00  2.959E-02
4.479101E+01  2.41242E+01  9.7787E-02  1.7669E+00  2.6260E-01  2.0295E+00  1.598E+00  2.768E-02
4.788159E+01  2.41125E+01  8.5421E-02  1.4438E+00  2.4920E-01  1.6930E+00  1.306E+00  2.589E-02

