*Cu (Z = 29) Atomic weight: /A_r / = 63.54600 g mol^-1 *   Nominal
density:   /ρ/ (g cm^-3 ) = 8.9400
    /σ//_a /(barns/atom) = [/μ///ρ/](cm^2 g^-1 )  ×  1.05521E+02 
    /E/(eV) [/μ///ρ/](cm^2 g^-1 ) = /f/_2 (/e/ atom^-1 )  ×  6.62202E+05 
    9 edges. Edge energies (keV):

     
      K      8.97890E+00  L I    1.09610E+00  L II   9.51000E-01  L III  9.31100E-01 
      M I    1.19800E-01  M II   7.36000E-02  M III  7.36000E-02  M IV   1.60000E-03 
      M V    1.60000E-03 

    Relativistic correction estimate /f/_rel (H82,3/5CL) = -1.4003E-01,
    -8.7600E-02 /e/ atom^-1 
    Nuclear Thomson correction /f/_NT = -7.2602E-03 /e/ atom^-1 

------------------------------------------------------------------------
*Form Factors, Attenuation and Scattering Cross-sections*
*Z=29, /E/ = 0.5 - 50 keV*

      /E/            /f/_1           /f/_2         [mu/rho]      [sigma/rho]      [mu/rho]      [mu/rho]_/K/       lambda
                                      Photoelectric Coh+inc      Total
     keV        /e/ atom^-1       /e/ atom^-1    cm^2  /g/^-1        cm^2  /g/^-1       cm^2  /g/^-1    cm^2  /g/^-1      nm
5.124891E-01  1.92116E+01  4.0367E+00  5.2159E+03  3.2026E+00  5.2191E+03  0.000E+00  2.419E+00
5.478508E-01  1.91744E+01  3.8040E+00  4.5980E+03  3.3717E+00  4.6014E+03  0.000E+00  2.263E+00
5.856525E-01  1.90663E+01  3.5762E+00  4.0436E+03  3.5368E+00  4.0471E+03  0.000E+00  2.117E+00
6.260625E-01  1.88708E+01  3.3552E+00  3.5489E+03  3.6968E+00  3.5526E+03  0.000E+00  1.980E+00
6.692609E-01  1.85608E+01  3.1426E+00  3.1094E+03  3.8502E+00  3.1132E+03  0.000E+00  1.853E+00
7.154399E-01  1.80877E+01  2.9393E+00  2.7206E+03  3.9958E+00  2.7246E+03  0.000E+00  1.733E+00
7.648052E-01  1.73572E+01  2.7122E+00  2.3483E+03  4.1326E+00  2.3524E+03  0.000E+00  1.621E+00
8.175768E-01  1.61368E+01  2.4939E+00  2.0199E+03  4.2592E+00  2.0242E+03  0.000E+00  1.516E+00
8.739896E-01  1.36848E+01  2.2948E+00  1.7387E+03  4.3748E+00  1.7431E+03  0.000E+00  1.419E+00
9.124780E-01  9.41949E+00  2.1756E+00  1.5789E+03  4.4432E+00  1.5833E+03  0.000E+00  1.359E+00
9.264445E-01  4.24002E+00  2.1352E+00  1.5262E+03  4.4660E+00  1.5307E+03  0.000E+00  1.338E+00
9.301689E-01 -1.51687E+00  2.1247E+00  1.5126E+03  4.4719E+00  1.5171E+03  0.000E+00  1.333E+00
9.319800E-01 -1.75592E+00  1.3119E+01  9.3215E+03  4.4748E+00  9.3260E+03  0.000E+00  1.330E+00
9.342948E-01  2.65894E+00  1.3043E+01  9.2447E+03  4.4784E+00  9.2492E+03  0.000E+00  1.327E+00
9.357555E-01  3.88406E+00  1.2996E+01  9.1967E+03  4.4807E+00  9.2012E+03  0.000E+00  1.325E+00
9.462450E-01  6.37000E+00  1.2662E+01  8.8614E+03  4.4967E+00  8.8659E+03  0.000E+00  1.310E+00
9.500490E-01  4.47663E+00  1.2545E+01  8.7438E+03  4.5024E+00  8.7483E+03  0.000E+00  1.305E+00
9.557550E-01  8.42374E+00  1.7798E+01  1.2332E+04  4.5108E+00  1.2337E+04  0.000E+00  1.297E+00
9.700200E-01  1.27452E+01  1.7165E+01  1.1718E+04  4.5311E+00  1.1723E+04  0.000E+00  1.278E+00
9.987612E-01  1.65330E+01  1.5984E+01  1.0598E+04  4.5691E+00  1.0603E+04  0.000E+00  1.241E+00
1.067676E+00  1.98679E+01  1.3862E+01  8.5976E+03  4.6463E+00  8.6022E+03  0.000E+00  1.161E+00
1.074178E+00  1.99670E+01  1.3705E+01  8.4490E+03  4.6527E+00  8.4537E+03  0.000E+00  1.154E+00
1.090619E+00  1.97917E+01  1.3328E+01  8.0924E+03  4.6680E+00  8.0971E+03  0.000E+00  1.137E+00
1.095004E+00  1.91176E+01  1.3231E+01  8.0016E+03  4.6719E+00  8.0063E+03  0.000E+00  1.132E+00
1.101580E+00  2.00415E+01  1.4651E+01  8.8073E+03  4.6777E+00  8.8120E+03  0.000E+00  1.126E+00
1.118022E+00  2.11255E+01  1.4383E+01  8.5191E+03  4.6914E+00  8.5238E+03  0.000E+00  1.109E+00
1.141345E+00  2.20250E+01  1.4041E+01  8.1463E+03  4.7094E+00  8.1510E+03  0.000E+00  1.086E+00
1.220098E+00  2.40494E+01  1.2862E+01  6.9806E+03  4.7580E+00  6.9854E+03  0.000E+00  1.016E+00
1.304285E+00  2.53950E+01  1.1731E+01  5.9562E+03  4.7917E+00  5.9610E+03  0.000E+00  9.506E-01
1.394281E+00  2.63665E+01  1.0688E+01  5.0761E+03  4.8105E+00  5.0809E+03  0.000E+00  8.892E-01
1.490486E+00  2.70949E+01  9.7449E+00  4.3295E+03  4.8144E+00  4.3343E+03  0.000E+00  8.318E-01
1.593329E+00  2.76981E+01  8.8867E+00  3.6934E+03  4.8034E+00  3.6982E+03  0.000E+00  7.781E-01
1.703269E+00  2.81525E+01  8.0183E+00  3.1174E+03  4.7780E+00  3.1222E+03  0.000E+00  7.279E-01
1.820795E+00  2.84670E+01  7.2303E+00  2.6296E+03  4.7384E+00  2.6343E+03  0.000E+00  6.809E-01
1.946430E+00  2.86884E+01  6.5194E+00  2.2180E+03  4.6853E+00  2.2227E+03  0.000E+00  6.370E-01
2.080733E+00  2.88419E+01  5.8780E+00  1.8707E+03  4.6193E+00  1.8753E+03  0.000E+00  5.959E-01
2.224304E+00  2.89864E+01  5.2957E+00  1.5766E+03  4.5411E+00  1.5811E+03  0.000E+00  5.574E-01
2.377781E+00  2.90462E+01  4.7581E+00  1.3251E+03  4.4516E+00  1.3296E+03  0.000E+00  5.214E-01
2.541848E+00  2.90690E+01  4.2769E+00  1.1142E+03  4.3517E+00  1.1186E+03  0.000E+00  4.878E-01
2.717235E+00  2.90677E+01  3.8470E+00  9.3754E+02  4.2424E+00  9.4178E+02  0.000E+00  4.563E-01
2.904724E+00  2.90575E+01  3.4633E+00  7.8954E+02  4.1246E+00  7.9366E+02  0.000E+00  4.268E-01
3.105150E+00  2.90457E+01  3.1014E+00  6.6140E+02  3.9994E+00  6.6540E+02  0.000E+00  3.993E-01
3.319406E+00  2.89922E+01  2.7637E+00  5.5134E+02  3.8678E+00  5.5521E+02  0.000E+00  3.735E-01
3.548445E+00  2.89262E+01  2.4650E+00  4.6001E+02  3.7310E+00  4.6374E+02  0.000E+00  3.494E-01
3.793288E+00  2.88535E+01  2.1976E+00  3.8363E+02  3.5899E+00  3.8722E+02  0.000E+00  3.269E-01
4.055024E+00  2.87704E+01  1.9496E+00  3.1838E+02  3.4456E+00  3.2183E+02  0.000E+00  3.058E-01
4.334821E+00  2.86782E+01  1.7317E+00  2.6455E+02  3.2992E+00  2.6785E+02  0.000E+00  2.860E-01
4.633924E+00  2.85808E+01  1.5402E+00  2.2010E+02  3.1514E+00  2.2325E+02  0.000E+00  2.676E-01
4.953664E+00  2.84790E+01  1.3670E+00  1.8275E+02  3.0033E+00  1.8575E+02  0.000E+00  2.503E-01
5.295467E+00  2.83686E+01  1.2121E+00  1.5158E+02  2.8557E+00  1.5444E+02  0.000E+00  2.341E-01
5.660855E+00  2.82491E+01  1.0758E+00  1.2584E+02  2.7094E+00  1.2855E+02  0.000E+00  2.190E-01
6.051453E+00  2.81175E+01  9.5563E-01  1.0457E+02  2.5651E+00  1.0714E+02  0.000E+00  2.049E-01
6.469004E+00  2.79683E+01  8.4971E-01  8.6981E+01  2.4234E+00  8.9404E+01  0.000E+00  1.917E-01
6.915365E+00  2.77902E+01  7.5624E-01  7.2416E+01  2.2850E+00  7.4701E+01  0.000E+00  1.793E-01
7.392525E+00  2.75610E+01  6.7369E-01  6.0347E+01  2.1504E+00  6.2497E+01  0.000E+00  1.677E-01
7.902609E+00  2.72270E+01  6.0071E-01  5.0336E+01  2.0199E+00  5.2356E+01  0.000E+00  1.569E-01
8.447890E+00  2.65993E+01  5.3613E-01  4.2025E+01  1.8940E+00  4.3919E+01  0.000E+00  1.468E-01
8.799322E+00  2.55649E+01  5.0037E-01  3.7656E+01  1.8194E+00  3.9475E+01  0.000E+00  1.409E-01
8.934005E+00  2.41493E+01  4.8721E-01  3.6113E+01  1.7921E+00  3.7905E+01  0.000E+00  1.388E-01
8.969921E+00  2.24326E+01  4.8340E-01  3.5687E+01  1.7850E+00  3.7472E+01  0.000E+00  1.382E-01
9.030794E+00  2.43489E+01  3.8582E+00  2.8291E+02  1.7729E+00  2.8468E+02  2.479E+02  1.373E-01
9.158478E+00  2.57726E+01  3.7540E+00  2.7143E+02  1.7481E+00  2.7318E+02  2.379E+02  1.354E-01
9.653919E+00  2.73120E+01  3.4054E+00  2.3359E+02  1.6570E+00  2.3525E+02  2.048E+02  1.284E-01
1.032004E+01  2.80727E+01  3.0504E+00  1.9573E+02  1.5463E+00  1.9728E+02  1.721E+02  1.201E-01
1.103212E+01  2.85046E+01  2.7462E+00  1.6484E+02  1.4410E+00  1.6628E+02  1.454E+02  1.124E-01
1.179334E+01  2.87985E+01  2.4736E+00  1.3889E+02  1.3412E+00  1.4023E+02  1.229E+02  1.051E-01
1.260708E+01  2.90017E+01  2.2129E+00  1.1623E+02  1.2468E+00  1.1748E+02  1.030E+02  9.834E-02
1.347697E+01  2.91413E+01  1.9766E+00  9.7122E+01  1.1579E+00  9.8280E+01  8.623E+01  9.200E-02
1.440688E+01  2.92373E+01  1.7631E+00  8.1041E+01  1.0743E+00  8.2115E+01  7.205E+01  8.606E-02
1.540095E+01  2.93017E+01  1.5712E+00  6.7557E+01  9.9606E-01  6.8553E+01  6.012E+01  8.050E-02
1.646362E+01  2.93434E+01  1.3994E+00  5.6288E+01  9.2294E-01  5.7211E+01  5.014E+01  7.531E-02
1.759961E+01  2.93688E+01  1.2463E+00  4.6894E+01  8.5481E-01  4.7749E+01  4.181E+01  7.045E-02
1.881398E+01  2.94189E+01  1.1059E+00  3.8925E+01  7.9150E-01  3.9716E+01  3.472E+01  6.590E-02
2.011215E+01  2.94195E+01  9.7986E-01  3.2262E+01  7.3280E-01  3.2995E+01  2.878E+01  6.165E-02
2.149988E+01  2.94125E+01  8.6826E-01  2.6743E+01  6.7851E-01  2.7422E+01  2.386E+01  5.767E-02
2.298338E+01  2.94006E+01  7.6945E-01  2.2169E+01  6.2842E-01  2.2797E+01  1.978E+01  5.395E-02
2.456923E+01  2.93855E+01  6.8155E-01  1.8370E+01  5.8229E-01  1.8952E+01  1.640E+01  5.046E-02
2.626450E+01  2.93684E+01  6.0363E-01  1.5219E+01  5.3991E-01  1.5759E+01  1.360E+01  4.721E-02
2.807676E+01  2.93516E+01  5.3216E-01  1.2551E+01  5.0104E-01  1.3052E+01  1.122E+01  4.416E-02
3.001405E+01  2.93316E+01  4.6847E-01  1.0336E+01  4.6546E-01  1.0801E+01  9.252E+00  4.131E-02
3.208502E+01  2.93106E+01  4.1242E-01  8.5120E+00  4.3295E-01  8.9450E+00  7.626E+00  3.864E-02
3.429889E+01  2.92896E+01  3.6310E-01  7.0103E+00  4.0328E-01  7.4136E+00  6.286E+00  3.615E-02
3.666551E+01  2.92692E+01  3.1969E-01  5.7738E+00  3.7624E-01  6.1500E+00  5.182E+00  3.381E-02
3.919543E+01  2.92497E+01  2.8131E-01  4.7527E+00  3.5164E-01  5.1043E+00  4.268E+00  3.163E-02
4.189992E+01  2.92308E+01  2.4628E-01  3.8924E+00  3.2926E-01  4.2217E+00  3.496E+00  2.959E-02
4.479101E+01  2.92123E+01  2.1563E-01  3.1879E+00  3.0894E-01  3.4968E+00  2.863E+00  2.768E-02
4.788159E+01  2.91946E+01  1.8880E-01  2.6111E+00  2.9049E-01  2.9016E+00  2.345E+00  2.589E-02

