*Cl (Z = 17) Atomic weight: /A_r / = 35.45300 g mol^-1 *   Nominal
density:   /ρ/ (g cm^-3 ) = 1.5600
    /σ//_a /(barns/atom) = [/μ///ρ/](cm^2 g^-1 )  ×  5.88711E+01 
    /E/(eV) [/μ///ρ/](cm^2 g^-1 ) = /f/_2 (/e/ atom^-1 )  ×  1.18693E+06 
    7 edges. Edge energies (keV):

     
      K      2.82240E+00  L I    2.70200E-01  L II   2.01600E-01  L III  2.00000E-01 
      M I    1.75000E-02  M II   6.80000E-03  M III  6.80000E-03 

    Relativistic correction estimate /f/_rel (H82,3/5CL) = -4.0526E-02,
    -2.4600E-02 /e/ atom^-1 
    Nuclear Thomson correction /f/_NT = -4.4718E-03 /e/ atom^-1 

------------------------------------------------------------------------
*Form Factors, Attenuation and Scattering Cross-sections*
*Z=17, /E/ = 0.5 - 50 keV*

      /E/            /f/_1           /f/_2         [mu/rho]      [sigma/rho]      [mu/rho]      [mu/rho]_/K/       lambda
                                      Photoelectric Coh+inc      Total
     keV        /e/ atom^-1       /e/ atom^-1    cm^2  /g/^-1        cm^2  /g/^-1       cm^2  /g/^-1    cm^2  /g/^-1      nm
5.124891E-01  1.60858E+01  6.0847E+00  1.4092E+04  2.0853E+00  1.4094E+04  0.000E+00  2.419E+00
5.478508E-01  1.62691E+01  5.5541E+00  1.2033E+04  2.1736E+00  1.2035E+04  0.000E+00  2.263E+00
5.856525E-01  1.64066E+01  5.0594E+00  1.0254E+04  2.2580E+00  1.0256E+04  0.000E+00  2.117E+00
6.260625E-01  1.65034E+01  4.5999E+00  8.7209E+03  2.3376E+00  8.7232E+03  0.000E+00  1.980E+00
6.692609E-01  1.65699E+01  4.1750E+00  7.4043E+03  2.4120E+00  7.4067E+03  0.000E+00  1.853E+00
7.154399E-01  1.66094E+01  3.7833E+00  6.2766E+03  2.4804E+00  6.2791E+03  0.000E+00  1.733E+00
7.648052E-01  1.66268E+01  3.4235E+00  5.3131E+03  2.5424E+00  5.3156E+03  0.000E+00  1.621E+00
8.175768E-01  1.66272E+01  3.0938E+00  4.4915E+03  2.5975E+00  4.4941E+03  0.000E+00  1.516E+00
8.739896E-01  1.66118E+01  2.7921E+00  3.7919E+03  2.6453E+00  3.7945E+03  0.000E+00  1.419E+00
9.342948E-01  1.65843E+01  2.5173E+00  3.1980E+03  2.6854E+00  3.2007E+03  0.000E+00  1.327E+00
9.987612E-01  1.65482E+01  2.2683E+00  2.6956E+03  2.7175E+00  2.6983E+03  0.000E+00  1.241E+00
1.067676E+00  1.65280E+01  2.0210E+00  2.2467E+03  2.7415E+00  2.2494E+03  0.000E+00  1.161E+00
1.141345E+00  1.64667E+01  1.7948E+00  1.8665E+03  2.7572E+00  1.8693E+03  0.000E+00  1.086E+00
1.220098E+00  1.63923E+01  1.5940E+00  1.5507E+03  2.7646E+00  1.5535E+03  0.000E+00  1.016E+00
1.304285E+00  1.63103E+01  1.4171E+00  1.2896E+03  2.7637E+00  1.2924E+03  0.000E+00  9.506E-01
1.394281E+00  1.62230E+01  1.2611E+00  1.0736E+03  2.7547E+00  1.0764E+03  0.000E+00  8.892E-01
1.490486E+00  1.61307E+01  1.1235E+00  8.9466E+02  2.7378E+00  8.9740E+02  0.000E+00  8.318E-01
1.593329E+00  1.60330E+01  1.0019E+00  7.4632E+02  2.7131E+00  7.4903E+02  0.000E+00  7.781E-01
1.703269E+00  1.59283E+01  8.9432E-01  6.2321E+02  2.6811E+00  6.2589E+02  0.000E+00  7.279E-01
1.820795E+00  1.58134E+01  7.9917E-01  5.2096E+02  2.6421E+00  5.2360E+02  0.000E+00  6.809E-01
1.946430E+00  1.56835E+01  7.1488E-01  4.3593E+02  2.5965E+00  4.3853E+02  0.000E+00  6.370E-01
2.080733E+00  1.55299E+01  6.4014E-01  3.6516E+02  2.5448E+00  3.6770E+02  0.000E+00  5.959E-01
2.224304E+00  1.53369E+01  5.7382E-01  3.0620E+02  2.4876E+00  3.0869E+02  0.000E+00  5.574E-01
2.377781E+00  1.50720E+01  5.1489E-01  2.5702E+02  2.4253E+00  2.5945E+02  0.000E+00  5.214E-01
2.541848E+00  1.46490E+01  4.6250E-01  2.1597E+02  2.3585E+00  2.1833E+02  0.000E+00  4.878E-01
2.717235E+00  1.36771E+01  4.1585E-01  1.8165E+02  2.2879E+00  1.8394E+02  0.000E+00  4.563E-01
2.765952E+00  1.30165E+01  4.0432E-01  1.7350E+02  2.2685E+00  1.7577E+02  0.000E+00  4.483E-01
2.808288E+00  1.14668E+01  3.9473E-01  1.6683E+02  2.2517E+00  1.6908E+02  0.000E+00  4.415E-01
2.819578E+00  9.60284E+00  3.9224E-01  1.6512E+02  2.2473E+00  1.6737E+02  0.000E+00  4.397E-01
2.836512E+00  1.14882E+01  4.0625E+00  1.7000E+03  2.2406E+00  1.7022E+03  1.537E+03  4.371E-01
2.878848E+00  1.32000E+01  3.9785E+00  1.6403E+03  2.2240E+00  1.6425E+03  1.484E+03  4.307E-01
2.904724E+00  1.36816E+01  3.9285E+00  1.6053E+03  2.2139E+00  1.6075E+03  1.452E+03  4.268E-01
3.105150E+00  1.53069E+01  3.5410E+00  1.3535E+03  2.1372E+00  1.3556E+03  1.226E+03  3.993E-01
3.319406E+00  1.60128E+01  3.1795E+00  1.1369E+03  2.0584E+00  1.1390E+03  1.031E+03  3.735E-01
3.548445E+00  1.64430E+01  2.8622E+00  9.5738E+02  1.9779E+00  9.5936E+02  8.699E+02  3.494E-01
3.793288E+00  1.67430E+01  2.5699E+00  8.0413E+02  1.8964E+00  8.0603E+02  7.317E+02  3.269E-01
4.055024E+00  1.69472E+01  2.2984E+00  6.7276E+02  1.8143E+00  6.7457E+02  6.128E+02  3.058E-01
4.334821E+00  1.70895E+01  2.0558E+00  5.6291E+02  1.7322E+00  5.6464E+02  5.133E+02  2.860E-01
4.633924E+00  1.71898E+01  1.8390E+00  4.7105E+02  1.6505E+00  4.7270E+02  4.299E+02  2.676E-01
4.953664E+00  1.72603E+01  1.6453E+00  3.9422E+02  1.5697E+00  3.9579E+02  3.601E+02  2.503E-01
5.295467E+00  1.73095E+01  1.4714E+00  3.2981E+02  1.4900E+00  3.3130E+02  3.016E+02  2.341E-01
5.660855E+00  1.73868E+01  1.3153E+00  2.7578E+02  1.4119E+00  2.7719E+02  2.525E+02  2.190E-01
6.051453E+00  1.74057E+01  1.1664E+00  2.2878E+02  1.3357E+00  2.3012E+02  2.096E+02  2.049E-01
6.469004E+00  1.74110E+01  1.0345E+00  1.8980E+02  1.2617E+00  1.9106E+02  1.740E+02  1.917E-01
6.915365E+00  1.74076E+01  9.1748E-01  1.5747E+02  1.1900E+00  1.5866E+02  1.444E+02  1.793E-01
7.392525E+00  1.73984E+01  8.1377E-01  1.3066E+02  1.1209E+00  1.3178E+02  1.198E+02  1.677E-01
7.902609E+00  1.73854E+01  7.2183E-01  1.0841E+02  1.0545E+00  1.0946E+02  9.946E+01  1.569E-01
8.447890E+00  1.73702E+01  6.4026E-01  8.9957E+01  9.9094E-01  9.0948E+01  8.255E+01  1.468E-01
9.030794E+00  1.73541E+01  5.6708E-01  7.4532E+01  9.3033E-01  7.5462E+01  6.842E+01  1.373E-01
9.653919E+00  1.73362E+01  4.9958E-01  6.1423E+01  8.7271E-01  6.2296E+01  5.643E+01  1.284E-01
1.032004E+01  1.73166E+01  4.4014E-01  5.0622E+01  8.1810E-01  5.1440E+01  4.654E+01  1.201E-01
1.103212E+01  1.72966E+01  3.8779E-01  4.1722E+01  7.6650E-01  4.2488E+01  3.839E+01  1.124E-01
1.179334E+01  1.72769E+01  3.4169E-01  3.4389E+01  7.1791E-01  3.5107E+01  3.166E+01  1.051E-01
1.260708E+01  1.72579E+01  3.0019E-01  2.8262E+01  6.7226E-01  2.8934E+01  2.603E+01  9.834E-02
1.347697E+01  1.72389E+01  2.6280E-01  2.3145E+01  6.2950E-01  2.3774E+01  2.132E+01  9.200E-02
1.440688E+01  1.72202E+01  2.3008E-01  1.8956E+01  5.8955E-01  1.9546E+01  1.746E+01  8.606E-02
1.540095E+01  1.72023E+01  2.0144E-01  1.5525E+01  5.5231E-01  1.6077E+01  1.430E+01  8.050E-02
1.646362E+01  1.71853E+01  1.7637E-01  1.2716E+01  5.1769E-01  1.3234E+01  1.171E+01  7.531E-02
1.759961E+01  1.71694E+01  1.5443E-01  1.0415E+01  4.8558E-01  1.0901E+01  9.589E+00  7.045E-02
1.881398E+01  1.71545E+01  1.3522E-01  8.5307E+00  4.5584E-01  8.9865E+00  7.853E+00  6.590E-02
2.011215E+01  1.71407E+01  1.1840E-01  6.9876E+00  4.2837E-01  7.4160E+00  6.431E+00  6.165E-02
2.149988E+01  1.71279E+01  1.0368E-01  5.7238E+00  4.0303E-01  6.1268E+00  5.267E+00  5.767E-02
2.298338E+01  1.71161E+01  9.0790E-02  4.6887E+00  3.7970E-01  5.0684E+00  4.314E+00  5.395E-02
2.456923E+01  1.71054E+01  7.9504E-02  3.8408E+00  3.5825E-01  4.1990E+00  3.533E+00  5.046E-02
2.626450E+01  1.70955E+01  6.9623E-02  3.1464E+00  3.3855E-01  3.4850E+00  2.893E+00  4.721E-02
2.807676E+01  1.70867E+01  6.0598E-02  2.5618E+00  3.2048E-01  2.8823E+00  2.356E+00  4.416E-02
3.001405E+01  1.70785E+01  5.2638E-02  2.0816E+00  3.0391E-01  2.3855E+00  1.914E+00  4.131E-02
3.208502E+01  1.70709E+01  4.5724E-02  1.6915E+00  2.8873E-01  1.9802E+00  1.556E+00  3.864E-02
3.429889E+01  1.70639E+01  3.9719E-02  1.3745E+00  2.7483E-01  1.6493E+00  1.264E+00  3.615E-02
3.666551E+01  1.70575E+01  3.4503E-02  1.1169E+00  2.6209E-01  1.3790E+00  1.027E+00  3.381E-02
3.919543E+01  1.70517E+01  2.9972E-02  9.0764E-01  2.5042E-01  1.1581E+00  8.348E-01  3.163E-02
4.189992E+01  1.70464E+01  2.6037E-02  7.3757E-01  2.3972E-01  9.7729E-01  6.784E-01  2.959E-02
4.479101E+01  1.70416E+01  2.2619E-02  5.9939E-01  2.2990E-01  8.2929E-01  5.513E-01  2.768E-02
4.788159E+01  1.70373E+01  1.9650E-02  4.8709E-01  2.2087E-01  7.0796E-01  4.480E-01  2.589E-02

