*Co (Z = 27) Atomic weight: /A_r / = 58.93320 g mol^-1 *   Nominal
density:   /ρ/ (g cm^-3 ) = 8.9000
    /σ//_a /(barns/atom) = [/μ///ρ/](cm^2 g^-1 )  ×  9.78609E+01 
    /E/(eV) [/μ///ρ/](cm^2 g^-1 ) = /f/_2 (/e/ atom^-1 )  ×  7.14034E+05 
    9 edges. Edge energies (keV):

     
      K      7.70890E+00  L I    9.25600E-01  L II   7.93600E-01  L III  7.78600E-01 
      M I    1.00700E-01  M II   5.95000E-02  M III  5.95000E-02  M IV   2.90000E-03 
      M V    2.90000E-03 

    Relativistic correction estimate /f/_rel (H82,3/5CL) = -1.1819E-01,
    -7.3800E-02 /e/ atom^-1 
    Nuclear Thomson correction /f/_NT = -6.7859E-03 /e/ atom^-1 

------------------------------------------------------------------------
*Form Factors, Attenuation and Scattering Cross-sections*
*Z=27, /E/ = 0.5 - 50 keV*

      /E/            /f/_1           /f/_2         [mu/rho]      [sigma/rho]      [mu/rho]      [mu/rho]_/K/       lambda
                                      Photoelectric Coh+inc      Total
     keV        /e/ atom^-1       /e/ atom^-1    cm^2  /g/^-1        cm^2  /g/^-1       cm^2  /g/^-1    cm^2  /g/^-1      nm
5.124891E-01  1.69341E+01  2.9667E+00  4.1334E+03  3.0172E+00  4.1364E+03  0.000E+00  2.419E+00
5.478508E-01  1.66433E+01  2.7733E+00  3.6145E+03  3.1667E+00  3.6177E+03  0.000E+00  2.263E+00
5.856525E-01  1.62138E+01  2.5884E+00  3.1558E+03  3.3119E+00  3.1591E+03  0.000E+00  2.117E+00
6.260625E-01  1.55717E+01  2.4125E+00  2.7515E+03  3.4515E+00  2.7550E+03  0.000E+00  1.980E+00
6.692609E-01  1.45571E+01  2.2461E+00  2.3964E+03  3.5846E+00  2.4000E+03  0.000E+00  1.853E+00
7.154399E-01  1.27139E+01  2.0893E+00  2.0852E+03  3.7100E+00  2.0889E+03  0.000E+00  1.733E+00
7.630280E-01  7.65825E+00  1.9469E+00  1.8219E+03  3.8228E+00  1.8257E+03  0.000E+00  1.625E+00
7.648052E-01  7.22164E+00  1.9419E+00  1.8130E+03  3.8267E+00  1.8168E+03  0.000E+00  1.621E+00
7.747070E-01  2.81236E+00  1.9146E+00  1.7646E+03  3.8481E+00  1.7684E+03  0.000E+00  1.600E+00
7.777280E-01 -2.10962E+00  1.9064E+00  1.7503E+03  3.8545E+00  1.7542E+03  0.000E+00  1.594E+00
7.778214E-01 -2.47515E+00  1.9061E+00  1.7498E+03  3.8547E+00  1.7537E+03  0.000E+00  1.594E+00
7.824930E-01  2.28899E+00  1.1809E+01  1.0776E+04  3.8645E+00  1.0780E+04  0.000E+00  1.584E+00
7.896320E-01  4.20240E+00  1.1644E+01  1.0529E+04  3.8792E+00  1.0533E+04  0.000E+00  1.570E+00
7.928064E-01  2.56916E+00  1.1572E+01  1.0422E+04  3.8856E+00  1.0426E+04  0.000E+00  1.564E+00
7.941720E-01  2.39355E+00  1.6482E+01  1.4818E+04  3.8884E+00  1.4822E+04  0.000E+00  1.561E+00
7.975680E-01  6.16476E+00  1.6372E+01  1.4657E+04  3.8952E+00  1.4661E+04  0.000E+00  1.555E+00
8.094720E-01  1.01298E+01  1.5995E+01  1.4110E+04  3.9184E+00  1.4114E+04  0.000E+00  1.532E+00
8.175768E-01  1.16331E+01  1.5747E+01  1.3753E+04  3.9338E+00  1.3757E+04  0.000E+00  1.516E+00
8.739896E-01  1.65757E+01  1.4185E+01  1.1589E+04  4.0304E+00  1.1593E+04  0.000E+00  1.419E+00
9.070880E-01  1.76437E+01  1.3401E+01  1.0549E+04  4.0794E+00  1.0553E+04  0.000E+00  1.367E+00
9.209720E-01  1.74222E+01  1.3097E+01  1.0154E+04  4.0984E+00  1.0158E+04  0.000E+00  1.346E+00
9.246744E-01  1.66663E+01  1.3018E+01  1.0053E+04  4.1033E+00  1.0057E+04  0.000E+00  1.341E+00
9.302280E-01  1.77529E+01  1.4641E+01  1.1238E+04  4.1106E+00  1.1242E+04  0.000E+00  1.333E+00
9.342948E-01  1.82397E+01  1.4556E+01  1.1125E+04  4.1158E+00  1.1129E+04  0.000E+00  1.327E+00
9.441120E-01  1.89734E+01  1.4357E+01  1.0858E+04  4.1281E+00  1.0862E+04  0.000E+00  1.313E+00
9.987612E-01  2.11535E+01  1.3340E+01  9.5367E+03  4.1893E+00  9.5409E+03  0.000E+00  1.241E+00
1.067676E+00  2.27846E+01  1.2182E+01  8.1473E+03  4.2504E+00  8.1516E+03  0.000E+00  1.161E+00
1.141345E+00  2.39382E+01  1.1109E+01  6.9499E+03  4.2987E+00  6.9542E+03  0.000E+00  1.086E+00
1.220098E+00  2.48005E+01  1.0116E+01  5.9199E+03  4.3338E+00  5.9242E+03  0.000E+00  1.016E+00
1.304285E+00  2.54732E+01  9.2078E+00  5.0408E+03  4.3556E+00  5.0452E+03  0.000E+00  9.506E-01
1.394281E+00  2.59977E+01  8.3151E+00  4.2583E+03  4.3640E+00  4.2627E+03  0.000E+00  8.892E-01
1.490486E+00  2.63628E+01  7.4892E+00  3.5878E+03  4.3592E+00  3.5922E+03  0.000E+00  8.318E-01
1.593329E+00  2.66227E+01  6.7415E+00  3.0211E+03  4.3414E+00  3.0254E+03  0.000E+00  7.781E-01
1.703269E+00  2.67981E+01  6.0602E+00  2.5405E+03  4.3107E+00  2.5448E+03  0.000E+00  7.279E-01
1.820795E+00  2.69098E+01  5.4480E+00  2.1365E+03  4.2678E+00  2.1408E+03  0.000E+00  6.809E-01
1.946430E+00  2.69744E+01  4.8978E+00  1.7967E+03  4.2132E+00  1.8009E+03  0.000E+00  6.370E-01
2.080733E+00  2.70031E+01  4.4033E+00  1.5111E+03  4.1474E+00  1.5152E+03  0.000E+00  5.959E-01
2.224304E+00  2.70049E+01  3.9603E+00  1.2713E+03  4.0712E+00  1.2754E+03  0.000E+00  5.574E-01
2.377781E+00  2.69898E+01  3.5635E+00  1.0701E+03  3.9853E+00  1.0741E+03  0.000E+00  5.214E-01
2.541848E+00  2.69602E+01  3.2082E+00  9.0121E+02  3.8906E+00  9.0510E+02  0.000E+00  4.878E-01
2.717235E+00  2.69203E+01  2.8901E+00  7.5947E+02  3.7880E+00  7.6326E+02  0.000E+00  4.563E-01
2.904724E+00  2.68771E+01  2.6054E+00  6.4046E+02  3.6784E+00  6.4414E+02  0.000E+00  4.268E-01
3.105150E+00  2.68376E+01  2.3362E+00  5.3720E+02  3.5627E+00  5.4076E+02  0.000E+00  3.993E-01
3.319406E+00  2.67746E+01  2.0714E+00  4.4557E+02  3.4418E+00  4.4901E+02  0.000E+00  3.735E-01
3.548445E+00  2.66954E+01  1.8370E+00  3.6965E+02  3.3167E+00  3.7297E+02  0.000E+00  3.494E-01
3.793288E+00  2.66078E+01  1.6283E+00  3.0651E+02  3.1884E+00  3.0970E+02  0.000E+00  3.269E-01
4.055024E+00  2.65107E+01  1.4403E+00  2.5361E+02  3.0576E+00  2.5667E+02  0.000E+00  3.058E-01
4.334821E+00  2.64054E+01  1.2751E+00  2.1004E+02  2.9253E+00  2.1297E+02  0.000E+00  2.860E-01
4.633924E+00  2.62922E+01  1.1300E+00  1.7412E+02  2.7924E+00  1.7691E+02  0.000E+00  2.676E-01
4.953664E+00  2.61697E+01  1.0023E+00  1.4448E+02  2.6595E+00  1.4714E+02  0.000E+00  2.503E-01
5.295467E+00  2.60338E+01  8.8996E-01  1.2000E+02  2.5274E+00  1.2253E+02  0.000E+00  2.341E-01
5.660855E+00  2.58774E+01  7.9093E-01  9.9765E+01  2.3967E+00  1.0216E+02  0.000E+00  2.190E-01
6.051453E+00  2.56869E+01  7.0360E-01  8.3020E+01  2.2682E+00  8.5288E+01  0.000E+00  2.049E-01
6.469004E+00  2.54337E+01  6.2651E-01  6.9152E+01  2.1423E+00  7.1294E+01  0.000E+00  1.917E-01
6.915365E+00  2.50440E+01  5.5839E-01  5.7656E+01  2.0195E+00  5.9676E+01  0.000E+00  1.793E-01
7.392525E+00  2.41983E+01  4.9816E-01  4.8116E+01  1.9002E+00  5.0016E+01  0.000E+00  1.677E-01
7.554722E+00  2.34922E+01  4.8010E-01  4.5376E+01  1.8623E+00  4.7238E+01  0.000E+00  1.641E-01
7.670355E+00  2.20515E+01  4.6787E-01  4.3554E+01  1.8360E+00  4.5390E+01  0.000E+00  1.616E-01
7.701191E+00  2.03118E+01  4.6470E-01  4.3086E+01  1.8290E+00  4.4915E+01  0.000E+00  1.610E-01
7.747444E+00  2.20899E+01  3.8913E+00  3.5864E+02  1.8187E+00  3.6046E+02  3.162E+02  1.600E-01
7.863078E+00  2.36980E+01  3.7792E+00  3.4319E+02  1.7934E+00  3.4498E+02  3.024E+02  1.577E-01
7.902609E+00  2.39681E+01  3.7420E+00  3.3811E+02  1.7849E+00  3.3989E+02  2.979E+02  1.569E-01
8.447890E+00  2.55247E+01  3.3364E+00  2.8200E+02  1.6738E+00  2.8367E+02  2.484E+02  1.468E-01
9.030794E+00  2.61889E+01  3.0147E+00  2.3837E+02  1.5671E+00  2.3994E+02  2.104E+02  1.373E-01
9.653919E+00  2.65956E+01  2.7028E+00  1.9990E+02  1.4650E+00  2.0136E+02  1.769E+02  1.284E-01
1.032004E+01  2.68641E+01  2.4149E+00  1.6708E+02  1.3677E+00  1.6845E+02  1.481E+02  1.201E-01
1.103212E+01  2.70436E+01  2.1541E+00  1.3942E+02  1.2753E+00  1.4070E+02  1.238E+02  1.124E-01
1.179334E+01  2.71663E+01  1.9216E+00  1.1635E+02  1.1877E+00  1.1754E+02  1.034E+02  1.051E-01
1.260708E+01  2.72503E+01  1.7145E+00  9.7104E+01  1.1050E+00  9.8209E+01  8.645E+01  9.834E-02
1.347697E+01  2.73072E+01  1.5298E+00  8.1052E+01  1.0272E+00  8.2079E+01  7.225E+01  9.200E-02
1.440688E+01  2.73449E+01  1.3652E+00  6.7660E+01  9.5414E-01  6.8614E+01  6.038E+01  8.606E-02
1.540095E+01  2.73695E+01  1.2182E+00  5.6477E+01  8.8576E-01  5.7363E+01  5.046E+01  8.050E-02
1.646362E+01  2.74194E+01  1.0783E+00  4.6767E+01  8.2193E-01  4.7589E+01  4.180E+01  7.531E-02
1.759961E+01  2.74188E+01  9.5438E-01  3.8720E+01  7.6249E-01  3.9482E+01  3.462E+01  7.045E-02
1.881398E+01  2.74105E+01  8.4426E-01  3.2041E+01  7.0729E-01  3.2748E+01  2.867E+01  6.590E-02
2.011215E+01  2.73973E+01  7.4690E-01  2.6517E+01  6.5614E-01  2.7173E+01  2.374E+01  6.165E-02
2.149988E+01  2.73808E+01  6.6081E-01  2.1946E+01  6.0886E-01  2.2555E+01  1.966E+01  5.767E-02
2.298338E+01  2.73623E+01  5.8469E-01  1.8165E+01  5.6526E-01  1.8730E+01  1.628E+01  5.395E-02
2.456923E+01  2.73430E+01  5.1737E-01  1.5036E+01  5.2512E-01  1.5561E+01  1.348E+01  5.046E-02
2.626450E+01  2.73241E+01  4.5783E-01  1.2447E+01  4.8825E-01  1.2935E+01  1.117E+01  4.721E-02
2.807676E+01  2.73053E+01  4.0326E-01  1.0255E+01  4.5445E-01  1.0709E+01  9.208E+00  4.416E-02
3.001405E+01  2.72853E+01  3.5466E-01  8.4373E+00  4.2351E-01  8.8608E+00  7.582E+00  4.131E-02
3.208502E+01  2.72654E+01  3.1194E-01  6.9420E+00  3.9524E-01  7.3372E+00  6.244E+00  3.864E-02
3.429889E+01  2.72463E+01  2.7377E-01  5.6994E+00  3.6943E-01  6.0688E+00  5.129E+00  3.615E-02
3.666551E+01  2.72274E+01  2.3948E-01  4.6638E+00  3.4592E-01  5.0097E+00  4.198E+00  3.381E-02
3.919543E+01  2.72091E+01  2.0950E-01  3.8165E+00  3.2451E-01  4.1410E+00  3.435E+00  3.163E-02
4.189992E+01  2.71916E+01  1.8327E-01  3.1232E+00  3.0503E-01  3.4282E+00  2.811E+00  2.959E-02
4.479101E+01  2.71751E+01  1.6034E-01  2.5560E+00  2.8733E-01  2.8433E+00  2.301E+00  2.768E-02
4.788159E+01  2.71597E+01  1.4027E-01  2.0917E+00  2.7124E-01  2.3629E+00  1.883E+00  2.589E-02

