*Sc (Z = 21) Atomic weight: /A_r / = 44.95590 g mol^-1 *   Nominal
density:   /ρ/ (g cm^-3 ) = 2.9800
    /σ//_a /(barns/atom) = [/μ///ρ/](cm^2 g^-1 )  ×  7.46511E+01 
    /E/(eV) [/μ///ρ/](cm^2 g^-1 ) = /f/_2 (/e/ atom^-1 )  ×  9.36035E+05 
    7 edges. Edge energies (keV):

     
      K      4.49280E+00  L I    5.00400E-01  L II   4.06700E-01  L III  4.02200E-01 
      M I    5.38000E-02  M II   3.23000E-02  M III  3.23000E-02 

    Relativistic correction estimate /f/_rel (H82,3/5CL) = -6.5705E-02,
    -4.0800E-02 /e/ atom^-1 
    Nuclear Thomson correction /f/_NT = -5.3814E-03 /e/ atom^-1 

------------------------------------------------------------------------
*Form Factors, Attenuation and Scattering Cross-sections*
*Z=21, /E/ = 0.5 - 50 keV*

      /E/            /f/_1           /f/_2         [mu/rho]      [sigma/rho]      [mu/rho]      [mu/rho]_/K/       lambda
                                      Photoelectric Coh+inc      Total
     keV        /e/ atom^-1       /e/ atom^-1    cm^2  /g/^-1        cm^2  /g/^-1       cm^2  /g/^-1    cm^2  /g/^-1      nm
5.029020E-01  1.21617E+01  1.3665E+01  2.5433E+04  2.2589E+00  2.5435E+04  0.000E+00  2.465E+00
5.104080E-01  1.32441E+01  1.3427E+01  2.4623E+04  2.2830E+00  2.4625E+04  0.000E+00  2.429E+00
5.124891E-01  1.34384E+01  1.3362E+01  2.4405E+04  2.2896E+00  2.4407E+04  0.000E+00  2.419E+00
5.478508E-01  1.55039E+01  1.2329E+01  2.1064E+04  2.3961E+00  2.1066E+04  0.000E+00  2.263E+00
5.856525E-01  1.68387E+01  1.1350E+01  1.8141E+04  2.4988E+00  1.8144E+04  0.000E+00  2.117E+00
6.260625E-01  1.78352E+01  1.0419E+01  1.5578E+04  2.5969E+00  1.5581E+04  0.000E+00  1.980E+00
6.692609E-01  1.86004E+01  9.5373E+00  1.3339E+04  2.6896E+00  1.3342E+04  0.000E+00  1.853E+00
7.154399E-01  1.91936E+01  8.7119E+00  1.1398E+04  2.7762E+00  1.1401E+04  0.000E+00  1.733E+00
7.648052E-01  1.96541E+01  7.9434E+00  9.7219E+03  2.8560E+00  9.7248E+03  0.000E+00  1.621E+00
8.175768E-01  2.00108E+01  7.2315E+00  8.2793E+03  2.9284E+00  8.2822E+03  0.000E+00  1.516E+00
8.739896E-01  2.02868E+01  6.5712E+00  7.0377E+03  2.9928E+00  7.0407E+03  0.000E+00  1.419E+00
9.342948E-01  2.04928E+01  5.9594E+00  5.9705E+03  3.0487E+00  5.9735E+03  0.000E+00  1.327E+00
9.987612E-01  2.06451E+01  5.3984E+00  5.0593E+03  3.0957E+00  5.0624E+03  0.000E+00  1.241E+00
1.067676E+00  2.07586E+01  4.8649E+00  4.2651E+03  3.1335E+00  4.2682E+03  0.000E+00  1.161E+00
1.141345E+00  2.08218E+01  4.3780E+00  3.5905E+03  3.1618E+00  3.5937E+03  0.000E+00  1.086E+00
1.220098E+00  2.08494E+01  3.9360E+00  3.0196E+03  3.1805E+00  3.0228E+03  0.000E+00  1.016E+00
1.304285E+00  2.08499E+01  3.5362E+00  2.5378E+03  3.1896E+00  2.5410E+03  0.000E+00  9.506E-01
1.394281E+00  2.08295E+01  3.1759E+00  2.1321E+03  3.1890E+00  2.1353E+03  0.000E+00  8.892E-01
1.490486E+00  2.07942E+01  2.8520E+00  1.7911E+03  3.1789E+00  1.7943E+03  0.000E+00  8.318E-01
1.593329E+00  2.07506E+01  2.5615E+00  1.5048E+03  3.1596E+00  1.5080E+03  0.000E+00  7.781E-01
1.703269E+00  2.06959E+01  2.2906E+00  1.2588E+03  3.1313E+00  1.2619E+03  0.000E+00  7.279E-01
1.820795E+00  2.06294E+01  2.0483E+00  1.0530E+03  3.0943E+00  1.0561E+03  0.000E+00  6.809E-01
1.946430E+00  2.05567E+01  1.8338E+00  8.8186E+02  3.0492E+00  8.8491E+02  0.000E+00  6.370E-01
2.080733E+00  2.04800E+01  1.6391E+00  7.3736E+02  2.9964E+00  7.4036E+02  0.000E+00  5.959E-01
2.224304E+00  2.03965E+01  1.4635E+00  6.1588E+02  2.9365E+00  6.1882E+02  0.000E+00  5.574E-01
2.377781E+00  2.03074E+01  1.3080E+00  5.1489E+02  2.8700E+00  5.1776E+02  0.000E+00  5.214E-01
2.541848E+00  2.02132E+01  1.1701E+00  4.3088E+02  2.7976E+00  4.3368E+02  0.000E+00  4.878E-01
2.717235E+00  2.01132E+01  1.0477E+00  3.6091E+02  2.7200E+00  3.6363E+02  0.000E+00  4.563E-01
2.904724E+00  2.00074E+01  9.3904E-01  3.0260E+02  2.6377E+00  3.0524E+02  0.000E+00  4.268E-01
3.105150E+00  1.98896E+01  8.3405E-01  2.5142E+02  2.5516E+00  2.5397E+02  0.000E+00  3.993E-01
3.319406E+00  1.97362E+01  7.3458E-01  2.0714E+02  2.4622E+00  2.0960E+02  0.000E+00  3.735E-01
3.548445E+00  1.95416E+01  6.4760E-01  1.7083E+02  2.3703E+00  1.7320E+02  0.000E+00  3.494E-01
3.793288E+00  1.92752E+01  5.7147E-01  1.4102E+02  2.2764E+00  1.4330E+02  0.000E+00  3.269E-01
4.055024E+00  1.88520E+01  5.0478E-01  1.1652E+02  2.1813E+00  1.1870E+02  0.000E+00  3.058E-01
4.334821E+00  1.78700E+01  4.4631E-01  9.6373E+01  2.0855E+00  9.8458E+01  0.000E+00  2.860E-01
4.402944E+00  1.72904E+01  4.3371E-01  9.2203E+01  2.0630E+00  9.4266E+01  0.000E+00  2.816E-01
4.470336E+00  1.57929E+01  4.2180E-01  8.8319E+01  2.0412E+00  9.0360E+01  0.000E+00  2.773E-01
4.488307E+00  1.39862E+01  4.1871E-01  8.7321E+01  2.0354E+00  8.9356E+01  0.000E+00  2.762E-01
4.515264E+00  1.58273E+01  3.9769E+00  8.2443E+02  2.0268E+00  8.2646E+02  7.386E+02  2.746E-01
4.582656E+00  1.74949E+01  3.8694E+00  7.9036E+02  2.0055E+00  7.9237E+02  7.080E+02  2.706E-01
4.633924E+00  1.80517E+01  3.7907E+00  7.6570E+02  1.9896E+00  7.6769E+02  6.859E+02  2.676E-01
4.953664E+00  1.94991E+01  3.3816E+00  6.3898E+02  1.8941E+00  6.4087E+02  5.729E+02  2.503E-01
5.295467E+00  2.01389E+01  3.0409E+00  5.3752E+02  1.7995E+00  5.3932E+02  4.827E+02  2.341E-01
5.660855E+00  2.05351E+01  2.7420E+00  4.5340E+02  1.7064E+00  4.5511E+02  4.079E+02  2.190E-01
6.051453E+00  2.08130E+01  2.4648E+00  3.8125E+02  1.6150E+00  3.8286E+02  3.434E+02  2.049E-01
6.469004E+00  2.10038E+01  2.2063E+00  3.1924E+02  1.5258E+00  3.2077E+02  2.878E+02  1.917E-01
6.915365E+00  2.11368E+01  1.9727E+00  2.6702E+02  1.4390E+00  2.6846E+02  2.408E+02  1.793E-01
7.392525E+00  2.12296E+01  1.7627E+00  2.2319E+02  1.3550E+00  2.2454E+02  2.014E+02  1.677E-01
7.902609E+00  2.12935E+01  1.5741E+00  1.8645E+02  1.2740E+00  1.8772E+02  1.683E+02  1.569E-01
8.447890E+00  2.13369E+01  1.4055E+00  1.5573E+02  1.1962E+00  1.5693E+02  1.406E+02  1.468E-01
9.030794E+00  2.14081E+01  1.2534E+00  1.2992E+02  1.1216E+00  1.3104E+02  1.174E+02  1.373E-01
9.653919E+00  2.14223E+01  1.1075E+00  1.0739E+02  1.0505E+00  1.0844E+02  9.708E+01  1.284E-01
1.032004E+01  2.14230E+01  9.7833E-01  8.8735E+01  9.8288E-01  8.9718E+01  8.030E+01  1.201E-01
1.103212E+01  2.14153E+01  8.6426E-01  7.3330E+01  9.1877E-01  7.4249E+01  6.642E+01  1.124E-01
1.179334E+01  2.14022E+01  7.6355E-01  6.0603E+01  8.5818E-01  6.1461E+01  5.494E+01  1.051E-01
1.260708E+01  2.13854E+01  6.7462E-01  5.0088E+01  8.0110E-01  5.0889E+01  4.545E+01  9.834E-02
1.347697E+01  2.13664E+01  5.9608E-01  4.1401E+01  7.4749E-01  4.2148E+01  3.759E+01  9.200E-02
1.440688E+01  2.13461E+01  5.2672E-01  3.4222E+01  6.9726E-01  3.4919E+01  3.109E+01  8.606E-02
1.540095E+01  2.13254E+01  4.6545E-01  2.8289E+01  6.5033E-01  2.8939E+01  2.572E+01  8.050E-02
1.646362E+01  2.13047E+01  4.1134E-01  2.3386E+01  6.0661E-01  2.3993E+01  2.127E+01  7.531E-02
1.759961E+01  2.12844E+01  3.6353E-01  1.9334E+01  5.6598E-01  1.9900E+01  1.760E+01  7.045E-02
1.881398E+01  2.12651E+01  3.2129E-01  1.5985E+01  5.2829E-01  1.6513E+01  1.455E+01  6.590E-02
2.011215E+01  2.12467E+01  2.8301E-01  1.3171E+01  4.9344E-01  1.3664E+01  1.199E+01  6.165E-02
2.149988E+01  2.12285E+01  2.4840E-01  1.0815E+01  4.6126E-01  1.1276E+01  9.845E+00  5.767E-02
2.298338E+01  2.12108E+01  2.1804E-01  8.8800E+00  4.3161E-01  9.3116E+00  8.081E+00  5.395E-02
2.456923E+01  2.11940E+01  1.9139E-01  7.2916E+00  4.0436E-01  7.6960E+00  6.633E+00  5.046E-02
2.626450E+01  2.11783E+01  1.6800E-01  5.9873E+00  3.7934E-01  6.3666E+00  5.444E+00  4.721E-02
2.807676E+01  2.11637E+01  1.4661E-01  4.8878E+00  3.5642E-01  5.2442E+00  4.445E+00  4.416E-02
3.001405E+01  2.11496E+01  1.2771E-01  3.9828E+00  3.3544E-01  4.3182E+00  3.622E+00  4.131E-02
3.208502E+01  2.11362E+01  1.1124E-01  3.2454E+00  3.1627E-01  3.5617E+00  2.952E+00  3.864E-02
3.429889E+01  2.11237E+01  9.6904E-02  2.6446E+00  2.9877E-01  2.9434E+00  2.406E+00  3.615E-02
3.666551E+01  2.11122E+01  8.4416E-02  2.1551E+00  2.8280E-01  2.4379E+00  1.961E+00  3.381E-02
3.919543E+01  2.11015E+01  7.3539E-02  1.7562E+00  2.6825E-01  2.0244E+00  1.598E+00  3.163E-02
4.189992E+01  2.10917E+01  6.4065E-02  1.4312E+00  2.5498E-01  1.6862E+00  1.302E+00  2.959E-02
4.479101E+01  2.10827E+01  5.5812E-02  1.1664E+00  2.4289E-01  1.4093E+00  1.061E+00  2.768E-02
4.788159E+01  2.10746E+01  4.8624E-02  9.5055E-01  2.3186E-01  1.1824E+00  8.648E-01  2.589E-02

